0.8916060236 0.07453488972 0.07453276116 0.0745292136 0.07452424712 0.0745178618 0.07451005776 0.07450083516 0.07449019418 0.074478135 0.07446465788 0.07444976305 0.0744334508 0.07441572145 0.07439657533 0.07437601281 0.07435403428 0.07433064015 0.07430583087
0.8004327434 0.0745292136 0.07451005776 0.074478135 0.0744334508 0.07437601281 0.07430583087 0.07422291701 0.07412728544 0.07401895254 0.07389793687 0.07376425917 0.07361794234 0.07345901146 0.07328749375 0.07310341861 0.07290681758 0.07269772433 0.07247617471
0.7955509493 0.0745178618 0.07446465788 0.07437601281 0.07425196879 0.07409258486 0.07389793687 0.07366811746 0.07340323602 0.07310341861 0.07276880794 0.07239956325 0.07199586029 0.07155789121 0.07108586444 0.07058000465 0.0700405526 0.06946776504 0.06886191459
0.7952987268 0.07450083516 0.07439657533 0.07422291701 0.0739800222 0.07366811746 0.07328749375 0.07283850613 0.07232157341 0.0717371778 0.07108586444 0.07036824088 0.06958497654 0.06873680205 0.06782450862 0.06684894724 0.06581102794 0.06471171891 0.06355204559
0.7956072094 0.074478135 0.07430583087 0.07401895254 0.07361794234 0.07310341861 0.07247617471 0.0717371778 0.07088756736 0.06992865343 0.06886191459 0.06768899567 0.06641170522 0.06503201273 0.06355204559 0.06197408581 0.06030056648 0.05853406804 0.05667731432
0.7960535029 0.07444976305 0.07419245214 0.07376425917 0.07316617036 0.07239956325 0.07146620351 0.07036824088 0.06910820422 0.06768899567 0.06611388399 0.06438649703 0.06251081336 0.06049115308 0.05833216795 0.05603883059 0.05361642308 0.05107052478 0.04840699946
0.7966316015 0.07441572145 0.07405647366 0.07345901146 0.07262525667 0.07155789121 0.07026034842 0.06873680205 0.06699215284 0.06503201273 0.06286268682 0.06049115308 0.05792503994 0.05517260171 0.05224269203 0.04914473544 0.045888697 0.04248505027 0.03894474363
0.7972328595 0.07437601281 0.07389793687 0.07310341861 0.07199586029 0.07058000465 0.06886191459 0.06684894724 0.06454972244 0.06197408581 0.05913306664 0.05603883059 0.05270462767 0.04914473544 0.04537439791 0.04140976024 0.03726779962 0.03296625257 0.02852353895
0.7978961091 0.07433064015 0.07371689004 0.07269772433 0.07127874805 0.06946776504 0.06727473504 0.06471171891 0.06179281227 0.05853406804 0.05495340811 0.05107052478 0.04690677247 0.04248505027 0.03782967603 0.03296625257 0.02792152692 0.02272324322 0.01739999009
0.798606309 0.07427960692 0.07351338834 0.07224220667 0.07047479363 0.0682232896 0.06550316012 0.06233308977 0.05873485374 0.05473316828 0.05035552097 0.04563198184 0.04059499685 0.03527916503 0.0297210008 0.02395868317 0.01803179346 0.01198104345 0.005847995717
0.7993524332 0.07422291701 0.07328749375 0.0717371778 0.06958497654 0.06684894724 0.06355204559 0.05972193308 0.0553907449 0.05059482034 0.04537439791 0.03977327771 0.03383845395 0.02761972066 0.02116925391 0.01454117406 0.007791091648 0.0009756408499 -0.005847995717
0.8001229913 0.07416057474 0.07303927508 0.07118298386 0.06861038086 0.06534735412 0.06142673933 0.0568879895 0.05177677792 0.0461445385 0.04004794828 0.03354835702 0.02671116987 0.01960518919 0.01230192221 0.00487486143 -0.0026012549 -0.0100511949 -0.01739999009
0.8009062974 0.07409258486 0.07276880794 0.07058000465 0.06755219401 0.06372136859 0.05913306664 0.05384183079 0.04791055968 0.04140976024 0.03441670959 0.02701453637 0.01929123262 0.01133860775 0.003251197176 -0.00487486143 -0.01294297098 -0.02085722325 -0.02852353895
0.8016906877 0.07401895254 0.07247617471 0.06992865343 0.06641170522 0.06197408581 0.05667731432 0.05059482034 0.04381092601 0.03641967704 0.02852353895 0.02023197659 0.0116599366 0.002926253894 -0.005847995717 -0.01454117406 -0.02303276685 -0.03120505442 -0.03894474363
0.8024647353 0.07393968338 0.07216146454 0.06922937661 0.06519030399 0.06010883184 0.05406621342 0.04715907081 0.03949784991 0.03120505442 0.02241328696 0.01326312879 0.003900891861 -0.005523720726 -0.01486000846 -0.02395868317 -0.03267425612 -0.04086736443 -0.04840699946
0.8032174574 0.07385478344 0.07182477329 0.06848265343 0.06388947842 0.05812915729 0.0513069208 0.04354739894 0.03499234426 0.02579804226 0.01613245633 0.00617215937 -0.003900891861 -0.0139026808 -0.02365049271 -0.03296625257 -0.04167977816 -0.049631889 -0.05667731432
0.8039385118 0.07376425917 0.07146620351 0.06768899567 0.06251081336 0.05603883059 0.04840699946 0.03977327771 0.03031635943 0.02023197659 0.009728847955 -0.0009756408499 -0.0116599366 -0.02210290399 -0.03208840258 -0.04140976024 -0.04987405072 -0.05730608668 -0.06355204559
0.8046183776 0.07366811746 0.07108586444 0.06684894724 0.0610559885 0.05384183079 0.04537439791 0.03585078612 0.02549267634 0.01454117406 0.003251197176 -0.008114457756 -0.01929123262 -0.03001896587 -0.04004794828 -0.04914473544 -0.05709758162 -0.06372136859 -0.06886191459
0.8052485177 0.07356636564 0.07068387192 0.06596308389 0.05952677632 0.05154234 0.04221742829 0.03179455665 0.02054479549 0.008760720354 -0.003251197176 -0.01517855995 -0.02671116987 -0.03754909527 -0.04741047132 -0.05603883059 -0.06320977304 -0.06873680205 -0.07247617471
0.8058215192 0.07345901146 0.07026034842 0.06503201273 0.05792503994 0.04914473544 0.03894474363 0.02761972066 0.01549682247 0.002926253894 -0.009728847955 -0.02210290399 -0.03383845395 -0.04459648265 -0.05406621342 -0.06197408581 -0.06809165813 -0.07224220667 -0.07430583087
0.8063312091 0.07334606309 0.06981542293 0.06405637188 0.05625273082 0.04665358108 0.03556531413 0.02334185198 0.01037335048 -0.002926253894 -0.01613245633 -0.02882373326 -0.04059499685 -0.05107052478 -0.05991595282 -0.06684894724 -0.07164821654 -0.07416057474 -0.07430583087
0.8067727432 0.07322752913 0.06934923098 0.06303682999 0.05451188641 0.04407361898 0.03208840258 0.01897690878 0.005199340572 -0.008760720354 -0.02241328696 -0.03527916503 -0.04690677247 -0.0568879895 -0.06487248336 -0.07058000465 -0.07381022392 -0.07444976305 -0.07247617471
0.8071426678 0.07310341861 0.06886191459 0.06197408581 0.05270462767 0.04140976024 0.02852353895 0.01454117406 4.563989152e-18 -0.01454117406 -0.02852353895 -0.04140976024 -0.05270462767 -0.06197408581 -0.06886191459 -0.07310341861 -0.07453559925 -0.07310341861 -0.06886191459
0.8074389511 0.07297374098 0.06835362219 0.06086886769 0.05083315645 0.03866707567 0.02488049429 0.0100511949 -0.005199340572 -0.02023197659 -0.03441670959 -0.04715907081 -0.05792503994 -0.06626342538 -0.07182477329 -0.07437601281 -0.07381022392 -0.0701511183 -0.06355204559
0.8076609865 0.07283850613 0.06782450862 0.05972193308 0.04889975287 0.03585078612 0.02116925391 0.005523720726 -0.01037335048 -0.02579804226 -0.04004794828 -0.05247415937 -0.06251081336 -0.06970086323 -0.07371689004 -0.07437601281 -0.07164821654 -0.06565771905 -0.05667731432
0.8078095659 0.07269772433 0.06727473504 0.05853406804 0.04690677247 0.03296625257 0.01739999009 0.0009756408499 -0.01549682247 -0.03120505442 -0.04537439791 -0.05730608668 -0.06641170522 -0.07224220667 -0.07451005776 -0.07310341861 -0.06809165813 -0.05972193308 -0.04840699946
0.8078868258 0.07255140633 0.06670446893 0.05730608668 0.04485664339 0.03001896587 0.0135830341 -0.00357607856 -0.02054479549 -0.03641967704 -0.05035552097 -0.06161036229 -0.06958497654 -0.07385478344 -0.07419245214 -0.07058000465 -0.06320977304 -0.05247415937 -0.03894474363
0.8078961668 0.07239956325 0.06611388399 0.05603883059 0.0427518634 0.02701453637 0.009728847955 -0.008114457756 -0.02549267634 -0.04140976024 -0.05495340811 -0.06534735412 -0.07199586029 -0.0745178618 -0.07276880794 -0.06684894724 -0.05709758162 -0.04407361898 -0.02852353895
0.8078421493 0.07224220667 0.06550316012 0.05473316828 0.04059499685 0.02395868317 0.005847995717 -0.01262256675 -0.03031635943 -0.0461445385 -0.05913306664 -0.06848265343 -0.07361794234 -0.07422291701 -0.07026034842 -0.06197408581 -0.04987405072 -0.03470485729 -0.01739999009
0.8077303666 0.07207934856 0.06487248336 0.0533899946 0.03838867155 0.02085722325 0.001951114529 -0.01708358849 -0.03499234426 -0.05059482034 -0.06286268682 -0.07098739165 -0.0744334508 -0.07297374098 -0.06670446893 -0.05603883059 -0.04167977816 -0.02457368981 -0.005847995717
0.8075673005 0.07191100133 0.0642220458 0.05201023008 0.03613557557 0.01771606042 -0.001951114529 -0.02148088155 -0.03949784991 -0.05473316828 -0.06611388399 -0.07283850613 -0.0744334508 -0.07078639348 -0.06215417945 -0.04914473544 -0.03267425612 -0.0139026808 0.005847995717
0.8073601614 0.0717371778 0.06355204559 0.05059482034 0.03383845395 0.01454117406 -0.005847995717 -0.02579804226 -0.04381092601 -0.05853406804 -0.06886191459 -0.07401895254 -0.07361794234 -0.06768899567 -0.05667731432 -0.04140976024 -0.02303276685 -0.002926253894 0.01739999009
0.8071167165 0.07155789121 0.06286268682 0.04914473544 0.03150010539 0.01133860775 -0.009728847955 -0.03001896587 -0.04791055968 -0.06197408581 -0.07108586444 -0.0745178618 -0.07199586029 -0.06372136859 -0.05035552097 -0.03296625257 -0.01294297098 0.008114457756 0.02852353895
0.8068451115 0.0713731552 0.06215417945 0.0476609692 0.02912337881 0.008114457756 -0.0135830341 -0.03412790664 -0.05177677792 -0.06503201273 -0.07276880794 -0.07433064015 -0.06958497654 -0.0589345212 -0.04328304279 -0.02395868317 -0.0026012549 0.01897690878 0.03894474363
0.8065536879 0.07118298386 0.06142673933 0.0461445385 0.02671116987 0.00487486143 -0.01739999009 -0.03810953656 -0.0553907449 -0.06768899567 -0.07389793687 -0.07345901146 -0.06641170522 -0.0533899946 -0.03556531413 -0.01454117406 0.007791091648 0.02942246989 0.04840699946
0.8062508007 0.07098739165 0.06068058802 0.04459648265 0.02426641749 0.001625985529 -0.02116925391 -0.04194900255 -0.05873485374 -0.06992865343 -0.07446465788 -0.07191100133 -0.06251081336 -0.04715907081 -0.02731738856 -0.00487486143 0.01803179346 0.03922167013 0.05667731432
0.8059446415 0.07078639348 0.05991595282 0.04301786259 0.02179210022 -0.001625985529 -0.02488049429 -0.04563198184 -0.06179281227 -0.0717371778 -0.07446465788 -0.06970086323 -0.05792503994 -0.0403218564 -0.01866222364 0.00487486143 0.02792152692 0.04815923801 0.06355204559
0.8056430687 0.07058000465 0.05913306664 0.04140976024 0.01929123262 -0.00487486143 -0.02852353895 -0.04914473544 -0.06454972244 -0.07310341861 -0.07389793687 -0.06684894724 -0.05270462767 -0.03296625257 -0.009728847955 0.01454117406 0.03726779962 0.05603883059 0.06886191459
0.8053534499 0.07036824088 0.05833216795 0.03977327771 0.01676686164 -0.008114457756 -0.03208840258 -0.05247415937 -0.06699215284 -0.07401895254 -0.07276880794 -0.06338151266 -0.04690677247 -0.02518682507 -0.0006504375527 0.02395868317 0.045888697 0.06268734682 0.07247617471
0.8050825196 0.0701511183 0.05751350072 0.03810953656 0.01422206281 -0.01133860775 -0.03556531413 -0.05560783353 -0.06910820422 -0.074478135 -0.07108586444 -0.05933048626 -0.04059499685 -0.01708358849 0.008437669375 0.03296625257 0.05361642308 0.06795873029 0.07430583087
0.8048362538 0.06992865343 0.05667731432 0.03641967704 0.0116599366 -0.01454117406 -0.03894474363 -0.05853406804 -0.07088756736 -0.074478135 -0.06886191459 -0.05473316828 -0.03383845395 -0.008760720354 0.01739999009 0.04140976024 0.06030056648 0.0717371778 0.07430583087
0.8046197656 0.06970086323 0.05582386346 0.03470485729 0.009083604541 -0.01771606042 -0.04221742829 -0.06124194689 -0.07232157341 -0.07401895254 -0.06611388399 -0.049631889 -0.02671116987 -0.0003252218723 0.02610291702 0.04914473544 0.06581102794 0.07393968338 0.07247617471
0.8044372222 0.06946776504 0.05495340811 0.03296625257 0.006496205514 -0.02085722325 -0.04537439791 -0.06372136859 -0.07340323602 -0.07310341861 -0.06286268682 -0.04407361898 -0.01929123262 0.008114457756 0.03441670959 0.05603883059 0.0700405526 0.0745178618 0.06886191459
0.804291786 0.06922937661 0.05406621342 0.03120505442 0.003900891861 -0.02395868317 -0.04840699946 -0.06596308389 -0.07412728544 -0.0717371778 -0.05913306664 -0.03810953656 -0.0116599366 0.01644981557 0.04221742829 0.06197408581 0.07290681758 0.07345901146 0.06355204559
0.8041855792 0.0689857161 0.05316254964 0.02942246989 0.001300825572 -0.02701453637 -0.0513069208 -0.06795873029 -0.07449019418 -0.06992865343 -0.05495340811 -0.03179455665 -0.003900891861 0.02457368981 0.04938878237 0.06684894724 0.07435403428 0.07078639348 0.05667731432
0.8041196731 0.06873680205 0.05224269203 0.02761972066 -0.001300825572 -0.03001896587 -0.05406621342 -0.06970086323 -0.07449019418 -0.06768899567 -0.05035552097 -0.02518682507 0.003900891861 0.0323816376 0.05582386346 0.07058000465 0.07435403428 0.06655872066 0.04840699946
0.8040941019 0.06848265343 0.0513069208 0.02579804226 -0.003900891861 -0.03296625257 -0.05667731432 -0.07118298386 -0.07412728544 -0.06503201273 -0.04537439791 -0.0183471832 0.0116599366 0.03977327771 0.06142673933 0.07310341861 0.07290681758 0.06086886769 0.03894474363
0.804107899 0.0682232896 0.05035552097 0.02395868317 -0.006496205514 -0.03585078612 -0.05913306664 -0.07239956325 -0.07340323602 -0.06197408581 -0.04004794828 -0.01133860775 0.01929123262 0.04665358108 0.06611388399 0.07437601281 0.0700405526 0.05384183079 0.02852353895
0.8041591561 0.06795873029 0.04938878237 0.02210290399 -0.009083604541 -0.03866707567 -0.06142673933 -0.07334606309 -0.07232157341 -0.05853406804 -0.03441670959 -0.004225630894 0.02671116987 0.05293409255 0.06981542293 0.07437601281 0.06581102794 0.04563198184 0.01739999009
0.8042451016 0.06768899567 0.04840699946 0.02023197659 -0.0116599366 -0.04140976024 -0.06355204559 -0.07401895254 -0.07088756736 -0.05473316828 -0.02852353895 0.002926253894 0.03383845395 0.05853406804 0.07247617471 0.07310341861 0.06030056648 0.03641967704 0.005847995717
0.8043621972 0.06741410626 0.04741047132 0.0183471832 -0.01422206281 -0.04407361898 -0.06550316012 -0.07441572145 -0.06910820422 -0.05059482034 -0.02241328696 0.0100511949 0.04059499685 0.06338151266 0.07405647366 0.07058000465 0.05361642308 0.02640729483 -0.005847995717
0.8045062495 0.06713408301 0.04639950148 0.01644981557 -0.01676686164 -0.04665358108 -0.06727473504 -0.07453488972 -0.06699215284 -0.0461445385 -0.01613245633 0.01708358849 0.04690677247 0.06741410626 0.07453276116 0.06684894724 0.045888697 0.01581478994 -0.01739999009
0.8046725334 0.06684894724 0.04537439791 0.01454117406 -0.01929123262 -0.04914473544 -0.06886191459 -0.07437601281 -0.06454972244 -0.04140976024 -0.009728847955 0.02395868317 0.05270462767 0.07058000465 0.07389793687 0.06197408581 0.03726779962 0.00487486143 -0.02852353895
0.8048559256 0.06655872066 0.04433547286 0.01262256675 -0.02179210022 -0.05154234 -0.07026034842 -0.07393968338 -0.06179281227 -0.03641967704 -0.003251197176 0.0306131758 0.05792503994 0.07283850613 0.07216146454 0.05603883059 0.02792152692 -0.00617215937 -0.03894474363
0.8050510424 0.06626342538 0.04328304279 0.01069530857 -0.02426641749 -0.05384183079 -0.07146620351 -0.07322752913 -0.05873485374 -0.03120505442 0.003251197176 0.03698579446 0.06251081336 0.07416057474 0.06934923098 0.04914473544 0.01803179346 -0.01708358849 -0.04840699946
0.8052523807 0.06596308389 0.04221742829 0.008760720354 -0.02671116987 -0.05603883059 -0.07247617471 -0.07224220667 -0.0553907449 -0.02579804226 0.009728847955 0.04301786259 0.06641170522 0.0745292136 0.06550316012 0.04140976024 0.007791091648 -0.02761972066 -0.05667731432
0.8054544578 0.06565771905 0.04113895395 0.006820127979 -0.02912337881 -0.05812915729 -0.07328749375 -0.07098739165 -0.05177677792 -0.02023197659 0.01613245633 0.04865383932 0.06958497654 0.07393968338 0.06068058802 0.03296625257 -0.0026012549 -0.03754909527 -0.06355204559
0.8056519468 0.06534735412 0.04004794828 0.00487486143 -0.03150010539 -0.06010883184 -0.07389793687 -0.06946776504 -0.04791055968 -0.01454117406 0.02241328696 0.05384183079 0.07199586029 0.07239956325 0.05495340811 0.02395868317 -0.01294297098 -0.04665358108 -0.06886191459
0.8058398042 0.06503201273 0.03894474363 0.002926253894 -0.03383845395 -0.06197408581 -0.07430583087 -0.06768899567 -0.04381092601 -0.008760720354 0.02852353895 0.05853406804 0.07361794234 0.06992865343 0.04840699946 0.01454117406 -0.02303276685 -0.05473316828 -0.07247617471
0.8060133879 0.06471171891 0.03782967603 0.0009756408499 -0.03613557557 -0.06372136859 -0.07451005776 -0.06565771905 -0.03949784991 -0.002926253894 0.03441670959 0.06268734682 0.0744334508 0.06655872066 0.04113895395 0.00487486143 -0.03267425612 -0.06161036229 -0.07430583087
0.8061685615 0.06438649703 0.03670308514 -0.0009756408499 -0.03838867155 -0.06534735412 -0.07451005776 -0.06338151266 -0.03499234426 0.002926253894 0.04004794828 0.06626342538 0.0744334508 0.06233308977 0.03325762138 -0.00487486143 -0.04167977816 -0.06713408301 -0.07430583087
0.8063017839 0.06405637188 0.03556531413 -0.002926253894 -0.04059499685 -0.06684894724 -0.07430583087 -0.06086886769 -0.03031635943 0.008760720354 0.04537439791 0.06922937661 0.07361794234 0.05730608668 0.02488049429 -0.01454117406 -0.04987405072 -0.07118298386 -0.07247617471
0.8064101821 0.06372136859 0.03441670959 -0.00487486143 -0.0427518634 -0.0682232896 -0.07389793687 -0.05812915729 -0.02549267634 0.01454117406 0.05035552097 0.07155789121 0.07199586029 0.05154234 0.01613245633 -0.02395868317 -0.05709758162 -0.07366811746 -0.06886191459
0.806491605 0.06338151266 0.03325762138 -0.006820127979 -0.04485664339 -0.06946776504 -0.07328749375 -0.05517260171 -0.02054479549 0.02023197659 0.05495340811 0.07322752913 0.06958497654 0.04511595012 0.0071439206 -0.03296625257 -0.06320977304 -0.07453488972 -0.06355204559
0.8065446589 0.06303682999 0.03208840258 -0.008760720354 -0.04690677247 -0.07058000465 -0.07247617471 -0.05201023008 -0.01549682247 0.02579804226 0.05913306664 0.07422291701 0.06641170522 0.03810953656 -0.001951114529 -0.04140976024 -0.06809165813 -0.07376425917 -0.05667731432
0.8065687224 0.06268734682 0.03090940935 -0.01069530857 -0.04889975287 -0.07155789121 -0.07146620351 -0.04865383932 -0.01037335048 0.03120505442 0.06286268682 0.07453488972 0.06251081336 0.0306131758 -0.01101706303 -0.04914473544 -0.07164821654 -0.0713731552 -0.04840699946
0.8065639426 0.06233308977 0.0297210008 -0.01262256675 -0.05083315645 -0.07239956325 -0.07026034842 -0.04511595012 -0.005199340572 0.03641967704 0.06611388399 0.07416057474 0.05792503994 0.02272324322 -0.0199187725 -0.05603883059 -0.07381022392 -0.06741410626 -0.03894474363
0.8065312117 0.06197408581 0.02852353895 -0.01454117406 -0.05270462767 -0.07310341861 -0.06886191459 -0.04140976024 -1.369196746e-17 0.04140976024 0.06886191459 0.07310341861 0.05270462767 0.01454117406 -0.02852353895 -0.06197408581 -0.07453559925 -0.06197408581 -0.02852353895
0.8064721253 0.06161036229 0.02731738856 -0.01644981557 -0.05451188641 -0.07366811746 -0.06727473504 -0.03754909527 0.005199340572 0.0461445385 0.07108586444 0.0713731552 0.04690677247 0.00617215937 -0.03670308514 -0.06684894724 -0.07381022392 -0.05517260171 -0.01739999009
0.8063889247 0.06124194689 0.02610291702 -0.0183471832 -0.05625273082 -0.07409258486 -0.06550316012 -0.03354835702 0.01037335048 0.05059482034 0.07276880794 0.0689857161 0.04059499685 -0.002276206382 -0.04433547286 -0.07058000465 -0.07164821654 -0.04715907081 -0.005847995717
0.8062844241 0.06086886769 0.02488049429 -0.02023197659 -0.05792503994 -0.07437601281 -0.06355204559 -0.02942246989 0.01549682247 0.05473316828 0.07389793687 0.06596308389 0.03383845395 -0.01069530857 -0.0513069208 -0.07310341861 -0.06809165813 -0.03810953656 0.005847995717
0.8061619243 0.06049115308 0.02365049271 -0.02210290399 -0.05952677632 -0.0745178618 -0.06142673933 -0.02518682507 0.02054479549 0.05853406804 0.07446465788 0.06233308977 0.02671116987 -0.01897690878 -0.05751350072 -0.07437601281 -0.06320977304 -0.0282228016 0.01739999009
0.8060251175 0.06010883184 0.02241328696 -0.02395868317 -0.0610559885 -0.0745178618 -0.05913306664 -0.02085722325 0.02549267634 0.06197408581 0.07446465788 0.05812915729 0.01929123262 -0.02701453637 -0.06286268682 -0.07437601281 -0.05709758162 -0.01771606042 0.02852353895
0.8058779824 0.05972193308 0.02116925391 -0.02579804226 -0.06251081336 -0.07437601281 -0.05667731432 -0.01644981557 0.03031635943 0.06503201273 0.07389793687 0.0533899946 0.0116599366 -0.03470485729 -0.06727473504 -0.07310341861 -0.04987405072 -0.006820127979 0.03894474363
0.8057246762 0.05933048626 0.0199187725 -0.02761972066 -0.06388947842 -0.07409258486 -0.05406621342 -0.01198104345 0.03499234426 0.06768899567 0.07276880794 0.04815923801 0.003900891861 -0.04194900255 -0.07068387192 -0.07058000465 -0.04167977816 0.004225630894 0.04840699946
0.8055694232 0.0589345212 0.01866222364 -0.02942246989 -0.06519030399 -0.07366811746 -0.0513069208 -0.00746757721 0.03949784991 0.06992865343 0.07108586444 0.04248505027 -0.003900891861 -0.04865383932 -0.07303927508 -0.06684894724 -0.03267425612 0.01517855995 0.05667731432
0.805416404 0.05853406804 0.01739999009 -0.03120505442 -0.06641170522 -0.07310341861 -0.04840699946 -0.002926253894 0.04381092601 0.0717371778 0.06886191459 0.03641967704 -0.0116599366 -0.05473316828 -0.07430583087 -0.06197408581 -0.02303276685 0.02579804226 0.06355204559
0.8052696489 0.05812915729 0.01613245633 -0.03296625257 -0.06755219401 -0.07239956325 -0.04537439791 0.001625985529 0.04791055968 0.07310341861 0.06611388399 0.03001896587 -0.01929123262 -0.06010883184 -0.07446465788 -0.05603883059 -0.01294297098 0.03585078612 0.06886191459
0.8051329365 0.05771981978 0.01486000846 -0.03470485729 -0.06861038086 -0.07155789121 -0.04221742829 0.00617215937 0.05177677792 0.07401895254 0.06286268682 0.02334185198 -0.02671116987 -0.06471171891 -0.07351338834 -0.04914473544 -0.0026012549 0.04511595012 0.07247617471
0.8050097011 0.05730608668 0.0135830341 -0.03641967704 -0.06958497654 -0.07058000465 -0.03894474363 0.01069530857 0.0553907449 0.074478135 0.05913306664 0.01644981557 -0.03383845395 -0.06848265343 -0.07146620351 -0.04140976024 0.007791091648 0.0533899946 0.07430583087
0.8049029506 0.0568879895 0.01230192221 -0.03810953656 -0.07047479363 -0.06946776504 -0.03556531413 0.01517855995 0.05873485374 0.074478135 0.05495340811 0.009406315789 -0.04059499685 -0.0713731552 -0.06835362219 -0.03296625257 0.01803179346 0.06049115308 0.07430583087
0.8048151973 0.05646556008 0.01101706303 -0.03977327771 -0.07127874805 -0.0682232896 -0.03208840258 0.01960518919 0.06179281227 0.07401895254 0.05035552097 0.002276206382 -0.04690677247 -0.07334606309 -0.0642220458 -0.02395868317 0.02792152692 0.06626342538 0.07247617471
0.8047484018 0.05603883059 0.009728847955 -0.04140976024 -0.07199586029 -0.06684894724 -0.02852353895 0.02395868317 0.06454972244 0.07310341861 0.04537439791 -0.00487486143 -0.05270462767 -0.07437601281 -0.05913306664 -0.01454117406 0.03726779962 0.07058000465 0.06886191459
0.8047039333 0.05560783353 0.008437669375 -0.04301786259 -0.07262525667 -0.06534735412 -0.02488049429 0.0282228016 0.06699215284 0.0717371778 0.04004794828 -0.01198104345 -0.05792503994 -0.07444976305 -0.05316254964 -0.00487486143 0.045888697 0.07334606309 0.06355204559
0.8046825449 0.05517260171 0.0071439206 -0.04459648265 -0.07316617036 -0.06372136859 -0.02116925391 0.0323816376 0.06910820422 0.06992865343 0.03441670959 -0.01897690878 -0.06251081336 -0.07356636564 -0.04639950148 0.00487486143 0.05361642308 0.07450083516 0.05667731432
0.8046843657 0.05473316828 0.005847995717 -0.0461445385 -0.07361794234 -0.06197408581 -0.01739999009 0.03641967704 0.07088756736 0.06768899567 0.02852353895 -0.02579804226 -0.06641170522 -0.0717371778 -0.03894474363 0.01454117406 0.06030056648 0.07401895254 0.04840699946
0.8047089088 0.05428956672 0.004550289478 -0.0476609692 -0.0739800222 -0.06010883184 -0.0135830341 0.0403218564 0.07232157341 0.06503201273 0.02241328696 -0.0323816376 -0.06958497654 -0.0689857161 -0.03090940935 0.02395868317 0.06581102794 0.07191100133 0.03894474363
0.8047550954 0.05384183079 0.003251197176 -0.04914473544 -0.07425196879 -0.05812915729 -0.009728847955 0.04407361898 0.07340323602 0.06197408581 0.01613245633 -0.03866707567 -0.07199586029 -0.06534735412 -0.02241328696 0.03296625257 0.0700405526 0.0682232896 0.02852353895
0.8048212935 0.0533899946 0.001951114529 -0.05059482034 -0.0744334508 -0.05603883059 -0.005847995717 0.0476609692 0.07412728544 0.05853406804 0.009728847955 -0.04459648265 -0.07361794234 -0.06086886769 -0.0135830341 0.04140976024 0.07290681758 0.06303682999 0.01739999009
0.8049053703 0.05293409255 0.0006504375527 -0.05201023008 -0.07452424712 -0.05384183079 -0.001951114529 0.05107052478 0.07449019418 0.05473316828 0.003251197176 -0.05011526291 -0.0744334508 -0.05560783353 -0.004550289478 0.04914473544 0.07435403428 0.05646556008 0.005847995717
0.8050047568 0.05247415937 -0.0006504375527 -0.0533899946 -0.07452424712 -0.05154234 0.001951114529 0.05428956672 0.07449019418 0.05059482034 -0.003251197176 -0.05517260171 -0.0744334508 -0.049631889 0.004550289478 0.05603883059 0.07435403428 0.04865383932 -0.005847995717
0.8051165223 0.05201023008 -0.001951114529 -0.05473316828 -0.0744334508 -0.04914473544 0.005847995717 0.05730608668 0.07412728544 0.0461445385 -0.009728847955 -0.05972193308 -0.07361794234 -0.04301786259 0.0135830341 0.06197408581 0.07290681758 0.03977327771 -0.01739999009
0.8052374578 0.05154234 -0.003251197176 -0.05603883059 -0.07425196879 -0.04665358108 0.009728847955 0.06010883184 0.07340323602 0.04140976024 -0.01613245633 -0.06372136859 -0.07199586029 -0.03585078612 0.02241328696 0.06684894724 0.0700405526 0.03001896587 -0.02852353895
0.8053641641 0.05107052478 -0.004550289478 -0.05730608668 -0.0739800222 -0.04407361898 0.0135830341 0.06268734682 0.07232157341 0.03641967704 -0.02241328696 -0.06713408301 -0.06958497654 -0.0282228016 0.03090940935 0.07058000465 0.06581102794 0.01960518919 -0.03894474363
0.8054931449 0.05059482034 -0.005847995717 -0.05853406804 -0.07361794234 -0.04140976024 0.01739999009 0.06503201273 0.07088756736 0.03120505442 -0.02852353895 -0.06992865343 -0.06641170522 -0.02023197659 0.03894474363 0.07310341861 0.06030056648 0.008760720354 -0.04840699946
0.8056208995 0.05011526291 -0.0071439206 -0.05972193308 -0.07316617036 -0.03866707567 0.02116925391 0.06713408301 0.06910820422 0.02579804226 -0.03441670959 -0.07207934856 -0.06251081336 -0.01198104345 0.04639950148 0.07437601281 0.05361642308 -0.002276206382 -0.05667731432
0.8057440156 0.049631889 -0.008437669375 -0.06086886769 -0.07262525667 -0.03585078612 0.02488049429 0.0689857161 0.06699215284 0.02023197659 -0.04004794828 -0.07356636564 -0.05792503994 -0.00357607856 0.05316254964 0.07437601281 0.045888697 -0.01326312879 -0.06355204559
0.8058592572 0.04914473544 -0.009728847955 -0.06197408581 -0.07199586029 -0.03296625257 0.02852353895 0.07058000465 0.06454972244 0.01454117406 -0.04537439791 -0.07437601281 -0.05270462767 0.00487486143 0.05913306664 0.07310341861 0.03726779962 -0.02395868317 -0.06886191459
0.8059636473 0.04865383932 -0.01101706303 -0.06303682999 -0.07127874805 -0.03001896587 0.03208840258 0.07191100133 0.06179281227 0.008760720354 -0.05035552097 -0.07450083516 -0.04690677247 0.01326312879 0.0642220458 0.07058000465 0.02792152692 -0.03412790664 -0.07247617471
0.8060545427 0.04815923801 -0.01230192221 -0.06405637188 -0.07047479363 -0.02701453637 0.03556531413 0.07297374098 0.05873485374 0.002926253894 -0.05495340811 -0.07393968338 -0.04059499685 0.02148088155 0.06835362219 0.06684894724 0.01803179346 -0.04354739894 -0.07430583087
0.8061296987 0.0476609692 -0.0135830341 -0.06503201273 -0.06958497654 -0.02395868317 0.03894474363 0.07376425917 0.0553907449 -0.002926253894 -0.05913306664 -0.07269772433 -0.03383845395 0.02942246989 0.07146620351 0.06197408581 0.007791091648 -0.05201023008 -0.07430583087
0.8061873222 0.04715907081 -0.01486000846 -0.06596308389 -0.06861038086 -0.02085722325 0.04221742829 0.07427960692 0.05177677792 -0.008760720354 -0.06286268682 -0.07078639348 -0.02671116987 0.03698579446 0.07351338834 0.05603883059 -0.0026012549 -0.05933048626 -0.07247617471
0.8062261134 0.04665358108 -0.01613245633 -0.06684894724 -0.06755219401 -0.01771606042 0.04537439791 0.0745178618 0.04791055968 -0.01454117406 -0.06611388399 -0.0682232896 -0.01929123262 0.04407361898 0.07446465788 0.04914473544 -0.01294297098 -0.06534735412 -0.06886191459
0.8062452924 0.0461445385 -0.01739999009 -0.06768899567 -0.06641170522 -0.01454117406 0.04840699946 0.074478135 0.04381092601 -0.02023197659 -0.06886191459 -0.06503201273 -0.0116599366 0.05059482034 0.07430583087 0.04140976024 -0.02303276685 -0.06992865343 -0.06355204559
0.8062446134 0.04563198184 -0.01866222364 -0.06848265343 -0.06519030399 -0.01133860775 0.0513069208 0.07416057474 0.03949784991 -0.02579804226 -0.07108586444 -0.06124194689 -0.003900891861 0.05646556008 0.07303927508 0.03296625257 -0.03267425612 -0.07297374098 -0.05667731432
0.8062243638 0.04511595012 -0.0199187725 -0.06922937661 -0.06388947842 -0.008114457756 0.05406621342 0.07356636564 0.03499234426 -0.03120505442 -0.07276880794 -0.0568879895 0.003900891861 0.06161036229 0.07068387192 0.02395868317 -0.04167977816 -0.07441572145 -0.04840699946
0.8061853494 0.04459648265 -0.02116925391 -0.06992865343 -0.06251081336 -0.00487486143 0.05667731432 0.07269772433 0.03031635943 -0.03641967704 -0.07389793687 -0.05201023008 0.0116599366 0.06596308389 0.06727473504 0.01454117406 -0.04987405072 -0.07422291701 -0.03894474363
0.8061288666 0.04407361898 -0.02241328696 -0.07058000465 -0.0610559885 -0.001625985529 0.05913306664 0.07155789121 0.02549267634 -0.04140976024 -0.07446465788 -0.04665358108 0.01929123262 0.06946776504 0.06286268682 0.00487486143 -0.05709758162 -0.07239956325 -0.02852353895
0.8060566618 0.04354739894 -0.02365049271 -0.07118298386 -0.05952677632 0.001625985529 0.06142673933 0.0701511183 0.02054479549 -0.0461445385 -0.07446465788 -0.04086736443 0.02671116987 0.07207934856 0.05751350072 -0.00487486143 -0.06320977304 -0.0689857161 -0.01739999009
0.8059708793 0.04301786259 -0.02488049429 -0.0717371778 -0.05792503994 0.00487486143 0.06355204559 0.06848265343 0.01549682247 -0.05059482034 -0.07389793687 -0.03470485729 0.03383845395 0.07376425917 0.0513069208 -0.01454117406 -0.06809165813 -0.06405637188 -0.005847995717
0.8058739999 0.04248505027 -0.02610291702 -0.07224220667 -0.05625273082 0.008114457756 0.06550316012 0.06655872066 0.01037335048 -0.05473316828 -0.07276880794 -0.0282228016 0.04059499685 0.07450083516 0.04433547286 -0.02395868317 -0.07164821654 -0.05771981978 0.005847995717
0.8057687708 0.04194900255 -0.02731738856 -0.07269772433 -0.05451188641 0.01133860775 0.06727473504 0.06438649703 0.005199340572 -0.05853406804 -0.07108586444 -0.02148088155 0.04690677247 0.07427960692 0.03670308514 -0.03296625257 -0.07381022392 -0.05011526291 0.01739999009
0.8056581298 0.04140976024 -0.02852353895 -0.07310341861 -0.05270462767 0.01454117406 0.06886191459 0.06197408581 2.281994576e-17 -0.06197408581 -0.06886191459 -0.01454117406 0.05270462767 0.07310341861 0.02852353895 -0.04140976024 -0.07453559925 -0.04140976024 0.02852353895
0.8055451251 0.04086736443 -0.0297210008 -0.07345901146 -0.05083315645 0.01771606042 0.07026034842 0.05933048626 -0.005199340572 -0.06503201273 -0.06611388399 -0.00746757721 0.05792503994 0.07098739165 0.0199187725 -0.04914473544 -0.07381022392 -0.03179455665 0.03894474363
0.8054328328 0.0403218564 -0.03090940935 -0.07376425917 -0.04889975287 0.02085722325 0.07146620351 0.05646556008 -0.01037335048 -0.06768899567 -0.06286268682 -0.0003252218723 0.06251081336 0.06795873029 0.01101706303 -0.05603883059 -0.07164821654 -0.02148088155 0.04840699946
0.8053242757 0.03977327771 -0.03208840258 -0.07401895254 -0.04690677247 0.02395868317 0.07247617471 0.0533899946 -0.01549682247 -0.06992865343 -0.05913306664 0.006820127979 0.06641170522 0.06405637188 0.001951114529 -0.06197408581 -0.06809165813 -0.01069530857 0.05667731432
0.8052223425 0.03922167013 -0.03325762138 -0.07422291701 -0.04485664339 0.02701453637 0.07328749375 0.05011526291 -0.02054479549 -0.0717371778 -0.05495340811 0.0139026808 0.06958497654 0.05933048626 -0.0071439206 -0.06684894724 -0.06320977304 0.0003252218723 0.06355204559
0.8051297135 0.03866707567 -0.03441670959 -0.07437601281 -0.0427518634 0.03001896587 0.07389793687 0.04665358108 -0.02549267634 -0.07310341861 -0.05035552097 0.02085722325 0.07199586029 0.05384183079 -0.01613245633 -0.07058000465 -0.05709758162 0.01133860775 0.06886191459
0.805048791 0.03810953656 -0.03556531413 -0.074478135 -0.04059499685 0.03296625257 0.07430583087 0.04301786259 -0.03031635943 -0.07401895254 -0.04537439791 0.02761972066 0.07361794234 0.0476609692 -0.02488049429 -0.07310341861 -0.04987405072 0.02210290399 0.07247617471
0.8049816383 0.03754909527 -0.03670308514 -0.0745292136 -0.03838867155 0.03585078612 0.07451005776 0.03922167013 -0.03499234426 -0.074478135 -0.04004794828 0.03412790664 0.0744334508 0.04086736443 -0.03325762138 -0.07437601281 -0.04167977816 0.0323816376 0.07430583087
0.8049299286 0.03698579446 -0.03782967603 -0.0745292136 -0.03613557557 0.03866707567 0.07451005776 0.03527916503 -0.03949784991 -0.074478135 -0.03441670959 0.0403218564 0.0744334508 0.03354835702 -0.04113895395 -0.07437601281 -0.03267425612 0.04194900255 0.07430583087
0.8048949041 0.03641967704 -0.03894474363 -0.074478135 -0.03383845395 0.04140976024 0.07430583087 0.03120505442 -0.04381092601 -0.07401895254 -0.02852353895 0.0461445385 0.07361794234 0.02579804226 -0.04840699946 -0.07310341861 -0.02303276685 0.05059482034 0.07247617471
0.8048773473 0.03585078612 -0.04004794828 -0.07437601281 -0.03150010539 0.04407361898 0.07389793687 0.02701453637 -0.04791055968 -0.07310341861 -0.02241328696 0.05154234 0.07199586029 0.01771606042 -0.05495340811 -0.07058000465 -0.01294297098 0.05812915729 0.06886191459
0.8048775644 0.03527916503 -0.04113895395 -0.07422291701 -0.02912337881 0.04665358108 0.07328749375 0.02272324322 -0.05177677792 -0.0717371778 -0.01613245633 0.05646556008 0.06958497654 0.009406315789 -0.06068058802 -0.06684894724 -0.0026012549 0.06438649703 0.06355204559
0.8048953819 0.03470485729 -0.04221742829 -0.07401895254 -0.02671116987 0.04914473544 0.07247617471 0.0183471832 -0.0553907449 -0.06992865343 -0.009728847955 0.06086886769 0.06641170522 0.0009756408499 -0.06550316012 -0.06197408581 0.007791091648 0.06922937661 0.05667731432
0.8049301555 0.03412790664 -0.04328304279 -0.07376425917 -0.02426641749 0.05154234 0.07146620351 0.0139026808 -0.05873485374 -0.06768899567 -0.003251197176 0.06471171891 0.06251081336 -0.00746757721 -0.06934923098 -0.05603883059 0.01803179346 0.07255140633 0.04840699946
0.8049807914 0.03354835702 -0.04433547286 -0.07345901146 -0.02179210022 0.05384183079 0.07026034842 0.009406315789 -0.06179281227 -0.06503201273 0.003251197176 0.06795873029 0.05792503994 -0.01581478994 -0.07216146454 -0.04914473544 0.02792152692 0.07427960692 0.03894474363
0.8050457797 0.03296625257 -0.04537439791 -0.07310341861 -0.01929123262 0.05603883059 0.06886191459 0.00487486143 -0.06454972244 -0.06197408581 0.009728847955 0.07058000465 0.05270462767 -0.02395868317 -0.07389793687 -0.04140976024 0.03726779962 0.07437601281 0.02852353895
0.8051232382 0.0323816376 -0.04639950148 -0.07269772433 -0.01676686164 0.05812915729 0.06727473504 0.0003252218723 -0.06699215284 -0.05853406804 0.01613245633 0.07255140633 0.04690677247 -0.03179455665 -0.07453276116 -0.03296625257 0.045888697 0.07283850613 0.01739999009
0.8052109656 0.03179455665 -0.04741047132 -0.07224220667 -0.01422206281 0.06010883184 0.06550316012 -0.004225630894 -0.06910820422 -0.05473316828 0.02241328696 0.07385478344 0.04059499685 -0.03922167013 -0.07405647366 -0.02395868317 0.05361642308 0.06970086323 0.005847995717
0.8053065031 0.03120505442 -0.04840699946 -0.0717371778 -0.0116599366 0.06197408581 0.06355204559 -0.008760720354 -0.07088756736 -0.05059482034 0.02852353895 0.074478135 0.03383845395 -0.0461445385 -0.07247617471 -0.01454117406 0.06030056648 0.06503201273 -0.005847995717
0.805407202 0.0306131758 -0.04938878237 -0.07118298386 -0.009083604541 0.06372136859 0.06142673933 -0.01326312879 -0.07232157341 -0.0461445385 0.03441670959 0.07441572145 0.02671116987 -0.05247415937 -0.06981542293 -0.00487486143 0.06581102794 0.0589345212 -0.01739999009
0.8055102961 0.03001896587 -0.05035552097 -0.07058000465 -0.006496205514 0.06534735412 0.05913306664 -0.01771606042 -0.07340323602 -0.04140976024 0.04004794828 0.07366811746 0.01929123262 -0.05812915729 -0.06611388399 0.00487486143 0.0700405526 0.05154234 -0.02852353895
0.8056129759 0.02942246989 -0.0513069208 -0.06992865343 -0.003900891861 0.06684894724 0.05667731432 -0.02210290399 -0.07412728544 -0.03641967704 0.04537439791 0.07224220667 0.0116599366 -0.06303682999 -0.06142673933 0.01454117406 0.07290681758 0.04301786259 -0.03894474363
0.805712465 0.02882373326 -0.05224269203 -0.06922937661 -0.001300825572 0.0682232896 0.05406621342 -0.02640729483 -0.07449019418 -0.03120505442 0.05035552097 0.0701511183 0.003900891861 -0.06713408301 -0.05582386346 0.02395868317 0.07435403428 0.03354835702 -0.04840699946
0.8058060928 0.0282228016 -0.05316254964 -0.06848265343 0.001300825572 0.06946776504 0.0513069208 -0.0306131758 -0.07449019418 -0.02579804226 0.05495340811 0.06741410626 -0.003900891861 -0.07036824088 -0.04938878237 0.03296625257 0.07435403428 0.02334185198 -0.05667731432
0.8058913664 0.02761972066 -0.05406621342 -0.06768899567 0.003900891861 0.07058000465 0.04840699946 -0.03470485729 -0.07412728544 -0.02023197659 0.05913306664 0.06405637188 -0.0116599366 -0.07269772433 -0.04221742829 0.04140976024 0.07290681758 0.01262256675 -0.06355204559
0.8059660346 0.02701453637 -0.05495340811 -0.06684894724 0.006496205514 0.07155789121 0.04537439791 -0.03866707567 -0.07340323602 -0.01454117406 0.06286268682 0.06010883184 -0.01929123262 -0.07409258486 -0.03441670959 0.04914473544 0.0700405526 0.001625985529 -0.06886191459
0.8060281478 0.02640729483 -0.05582386346 -0.06596308389 0.009083604541 0.07239956325 0.04221742829 -0.04248505027 -0.07232157341 -0.008760720354 0.06611388399 0.05560783353 -0.02671116987 -0.07453488972 -0.02610291702 0.05603883059 0.06581102794 -0.009406315789 -0.07247617471
0.806076107 0.02579804226 -0.05667731432 -0.06503201273 0.0116599366 0.07310341861 0.03894474363 -0.0461445385 -0.07088756736 -0.002926253894 0.06886191459 0.05059482034 -0.03383845395 -0.07401895254 -0.01739999009 0.06197408581 0.06030056648 -0.02023197659 -0.07430583087
0.8061087049 0.02518682507 -0.05751350072 -0.06405637188 0.01422206281 0.07366811746 0.03556531413 -0.049631889 -0.06910820422 0.002926253894 0.07108586444 0.04511595012 -0.04059499685 -0.07255140633 -0.008437669375 0.06684894724 0.05361642308 -0.0306131758 -0.07430583087
0.8061251553 0.02457368981 -0.05833216795 -0.06303682999 0.01676686164 0.07409258486 0.03208840258 -0.05293409255 -0.06699215284 0.008760720354 0.07276880794 0.03922167013 -0.04690677247 -0.0701511183 0.0006504375527 0.07058000465 0.045888697 -0.0403218564 -0.07247617471
0.8061251121 0.02395868317 -0.05913306664 -0.06197408581 0.01929123262 0.07437601281 0.02852353895 -0.05603883059 -0.06454972244 0.01454117406 0.07389793687 0.03296625257 -0.05270462767 -0.06684894724 0.009728847955 0.07310341861 0.03726779962 -0.04914473544 -0.06886191459
0.8061086752 0.02334185198 -0.05991595282 -0.06086886769 0.02179210022 0.0745178618 0.02488049429 -0.0589345212 -0.06179281227 0.02023197659 0.07446465788 0.02640729483 -0.05792503994 -0.06268734682 0.01866222364 0.07437601281 0.02792152692 -0.0568879895 -0.06355204559
0.8060763857 0.02272324322 -0.06068058802 -0.05972193308 0.02426641749 0.0745178618 0.02116925391 -0.06161036229 -0.05873485374 0.02579804226 0.07446465788 0.01960518919 -0.06251081336 -0.05771981978 0.02731738856 0.07437601281 0.01803179346 -0.06338151266 -0.05667731432
0.8060292087 0.02210290399 -0.06142673933 -0.05853406804 0.02671116987 0.07437601281 0.01739999009 -0.06405637188 -0.0553907449 0.03120505442 0.07389793687 0.01262256675 -0.06641170522 -0.05201023008 0.03556531413 0.07310341861 0.007791091648 -0.06848265343 -0.04840699946
0.805968505 0.02148088155 -0.06215417945 -0.05730608668 0.02912337881 0.07409258486 0.0135830341 -0.06626342538 -0.05177677792 0.03641967704 0.07276880794 0.005523720726 -0.06958497654 -0.04563198184 0.04328304279 0.07058000465 -0.0026012549 -0.07207934856 -0.03894474363
0.8058959928 0.02085722325 -0.06286268682 -0.05603883059 0.03150010539 0.07366811746 0.009728847955 -0.0682232896 -0.04791055968 0.04140976024 0.07108586444 -0.001625985529 -0.07199586029 -0.03866707567 0.05035552097 0.06684894724 -0.01294297098 -0.07409258486 -0.02852353895
0.8058136996 0.02023197659 -0.06355204559 -0.05473316828 0.03383845395 0.07310341861 0.005847995717 -0.06992865343 -0.04381092601 0.0461445385 0.06886191459 -0.008760720354 -0.07361794234 -0.03120505442 0.05667731432 0.06197408581 -0.02303276685 -0.074478135 -0.01739999009
0.8057239064 0.01960518919 -0.0642220458 -0.0533899946 0.03613557557 0.07239956325 0.001951114529 -0.0713731552 -0.03949784991 0.05059482034 0.06611388399 -0.01581478994 -0.0744334508 -0.02334185198 0.06215417945 0.05603883059 -0.03267425612 -0.07322752913 -0.005847995717
0.8056290852 0.01897690878 -0.06487248336 -0.05201023008 0.03838867155 0.07155789121 -0.001951114529 -0.07255140633 -0.03499234426 0.05473316828 0.06286268682 -0.02272324322 -0.0744334508 -0.01517855995 0.06670446893 0.04914473544 -0.04167977816 -0.07036824088 0.005847995717
0.8055318318 0.0183471832 -0.06550316012 -0.05059482034 0.04059499685 0.07058000465 -0.005847995717 -0.07345901146 -0.03031635943 0.05853406804 0.05913306664 -0.02942246989 -0.07361794234 -0.006820127979 0.07026034842 0.04140976024 -0.04987405072 -0.06596308389 0.01739999009
0.8054347961 0.01771606042 -0.06611388399 -0.04914473544 0.0427518634 0.06946776504 -0.009728847955 -0.07409258486 -0.02549267634 0.06197408581 0.05495340811 -0.03585078612 -0.07199586029 0.001625985529 0.07276880794 0.03296625257 -0.05709758162 -0.06010883184 0.02852353895
0.8053406102 0.01708358849 -0.06670446893 -0.0476609692 0.04485664339 0.0682232896 -0.0135830341 -0.07444976305 -0.02054479549 0.06503201273 0.05035552097 -0.04194900255 -0.06958497654 0.0100511949 0.07419245214 0.02395868317 -0.06320977304 -0.05293409255 0.03894474363
0.8052518183 0.01644981557 -0.06727473504 -0.0461445385 0.04690677247 0.06684894724 -0.01739999009 -0.0745292136 -0.01549682247 0.06768899567 0.04537439791 -0.0476609692 -0.06641170522 0.0183471832 0.07451005776 0.01454117406 -0.06809165813 -0.04459648265 0.04840699946
0.8051708086 0.01581478994 -0.06782450862 -0.04459648265 0.04889975287 0.06534735412 -0.02116925391 -0.07433064015 -0.01037335048 0.06992865343 0.04004794828 -0.05293409255 -0.06251081336 0.02640729483 0.07371689004 0.00487486143 -0.07164821654 -0.03527916503 0.05667731432
0.8050997499 0.01517855995 -0.06835362219 -0.04301786259 0.05083315645 0.06372136859 -0.02488049429 -0.07385478344 -0.005199340572 0.0717371778 0.03441670959 -0.05771981978 -0.05792503994 0.03412790664 0.07182477329 -0.00487486143 -0.07381022392 -0.02518682507 0.06355204559
0.8050405344 0.01454117406 -0.06886191459 -0.04140976024 0.05270462767 0.06197408581 -0.02852353895 -0.07310341861 -3.194792407e-17 0.07310341861 0.02852353895 -0.06197408581 -0.05270462767 0.04140976024 0.06886191459 -0.01454117406 -0.07453559925 -0.01454117406 0.06886191459
0.8049947279 0.0139026808 -0.06934923098 -0.03977327771 0.05451188641 0.06010883184 -0.03208840258 -0.07207934856 0.005199340572 0.07401895254 0.02241328696 -0.06565771905 -0.04690677247 0.04815923801 0.06487248336 -0.02395868317 -0.07381022392 -0.00357607856 0.07247617471
0.8049635286 0.01326312879 -0.06981542293 -0.03810953656 0.05625273082 0.05812915729 -0.03556531413 -0.07078639348 0.01037335048 0.074478135 0.01613245633 -0.06873680205 -0.04059499685 0.05428956672 0.05991595282 -0.03296625257 -0.07164821654 0.00746757721 0.07430583087
0.8049477366 0.01262256675 -0.07026034842 -0.03641967704 0.05792503994 0.05603883059 -0.03894474363 -0.06922937661 0.01549682247 0.074478135 0.009728847955 -0.07118298386 -0.03383845395 0.05972193308 0.05406621342 -0.04140976024 -0.06809165813 0.0183471832 0.07430583087
0.8049477334 0.01198104345 -0.07068387192 -0.03470485729 0.05952677632 0.05384183079 -0.04221742829 -0.06741410626 0.02054479549 0.07401895254 0.003251197176 -0.07297374098 -0.02671116987 0.06438649703 0.04741047132 -0.04914473544 -0.06320977304 0.02882373326 0.07247617471
0.8049634731 0.01133860775 -0.07108586444 -0.03296625257 0.0610559885 0.05154234 -0.04537439791 -0.06534735412 0.02549267634 0.07310341861 -0.003251197176 -0.07409258486 -0.01929123262 0.0682232896 0.04004794828 -0.05603883059 -0.05709758162 0.03866707567 0.06886191459
0.8049944845 0.01069530857 -0.07146620351 -0.03120505442 0.06251081336 0.04914473544 -0.04840699946 -0.06303682999 0.03031635943 0.0717371778 -0.009728847955 -0.0745292136 -0.0116599366 0.07118298386 0.03208840258 -0.06197408581 -0.04987405072 0.0476609692 0.06355204559
0.8050398855 0.0100511949 -0.07182477329 -0.02942246989 0.06388947842 0.04665358108 -0.0513069208 -0.06049115308 0.03499234426 0.06992865343 -0.01613245633 -0.07427960692 -0.003900891861 0.07322752913 0.02365049271 -0.06684894724 -0.04167977816 0.05560783353 0.05667731432
0.8050984075 0.009406315789 -0.07216146454 -0.02761972066 0.06519030399 0.04407361898 -0.05406621342 -0.05771981978 0.03949784991 0.06768899567 -0.02241328696 -0.07334606309 0.003900891861 0.07433064015 0.01486000846 -0.07058000465 -0.03267425612 0.06233308977 0.04840699946
0.8051684301 0.008760720354 -0.07247617471 -0.02579804226 0.06641170522 0.04140976024 -0.05667731432 -0.05473316828 0.04381092601 0.06503201273 -0.02852353895 -0.0717371778 0.0116599366 0.074478135 0.005847995717 -0.07310341861 -0.02303276685 0.06768899567 0.03894474363
0.8052480262 0.008114457756 -0.07276880794 -0.02395868317 0.06755219401 0.03866707567 -0.05913306664 -0.05154234 0.04791055968 0.06197408581 -0.03441670959 -0.06946776504 0.01929123262 0.07366811746 -0.003251197176 -0.07437601281 -0.01294297098 0.07155789121 0.02852353895
0.8053350136 0.00746757721 -0.07303927508 -0.02210290399 0.06861038086 0.03585078612 -0.06142673933 -0.04815923801 0.05177677792 0.05853406804 -0.04004794828 -0.06655872066 0.02671116987 0.07191100133 -0.01230192221 -0.07437601281 -0.0026012549 0.07385478344 0.01739999009
0.8054270147 0.006820127979 -0.07328749375 -0.02023197659 0.06958497654 0.03296625257 -0.06355204559 -0.04459648265 0.0553907449 0.05473316828 -0.04537439791 -0.06303682999 0.03383845395 0.06922937661 -0.02116925391 -0.07310341861 0.007791091648 0.0745292136 0.005847995717
0.8055215205 0.00617215937 -0.07351338834 -0.0183471832 0.07047479363 0.03001896587 -0.06550316012 -0.04086736443 0.05873485374 0.05059482034 -0.05035552097 -0.0589345212 0.04059499685 0.06565771905 -0.0297210008 -0.07058000465 0.01803179346 0.07356636564 -0.005847995717
0.8056159583 0.005523720726 -0.07371689004 -0.01644981557 0.07127874805 0.02701453637 -0.06727473504 -0.03698579446 0.06179281227 0.0461445385 -0.05495340811 -0.05428956672 0.04690677247 0.06124194689 -0.03782967603 -0.06684894724 0.02792152692 0.07098739165 -0.01739999009
0.805707761 0.00487486143 -0.07389793687 -0.01454117406 0.07199586029 0.02395868317 -0.06886191459 -0.03296625257 0.06454972244 0.04140976024 -0.05913306664 -0.04914473544 0.05270462767 0.05603883059 -0.04537439791 -0.06197408581 0.03726779962 0.06684894724 -0.02852353895
0.805794436 0.004225630894 -0.07405647366 -0.01262256675 0.07262525667 0.02085722325 -0.07026034842 -0.02882373326 0.06699215284 0.03641967704 -0.06286268682 -0.04354739894 0.05792503994 0.05011526291 -0.05224269203 -0.05603883059 0.045888697 0.06124194689 -0.03894474363
0.8058736322 0.00357607856 -0.07419245214 -0.01069530857 0.07316617036 0.01771606042 -0.07146620351 -0.02457368981 0.06910820422 0.03120505442 -0.06611388399 -0.03754909527 0.06251081336 0.04354739894 -0.05833216795 -0.04914473544 0.05361642308 0.05428956672 -0.04840699946
0.8059432029 0.002926253894 -0.07430583087 -0.008760720354 0.07361794234 0.01454117406 -0.07247617471 -0.02023197659 0.07088756736 0.02579804226 -0.06886191459 -0.03120505442 0.06641170522 0.03641967704 -0.06355204559 -0.04140976024 0.06030056648 0.0461445385 -0.05667731432
0.8060012636 0.002276206382 -0.07439657533 -0.006820127979 0.0739800222 0.01133860775 -0.07328749375 -0.01581478994 0.07232157341 0.02023197659 -0.07108586444 -0.02457368981 0.06958497654 0.02882373326 -0.06782450862 -0.03296625257 0.06581102794 0.03698579446 -0.06355204559
0.8060462424 0.001625985529 -0.07446465788 -0.00487486143 0.07425196879 0.008114457756 -0.07389793687 -0.01133860775 0.07340323602 0.01454117406 -0.07276880794 -0.01771606042 0.07199586029 0.02085722325 -0.07108586444 -0.02395868317 0.0700405526 0.02701453637 -0.06886191459
0.8060769219 0.0009756408499 -0.07451005776 -0.002926253894 0.0744334508 0.00487486143 -0.07430583087 -0.006820127979 0.07412728544 0.008760720354 -0.07389793687 -0.01069530857 0.07361794234 0.01262256675 -0.07328749375 -0.01454117406 0.07290681758 0.01644981557 -0.07247617471
0.806092472 0.0003252218723 -0.07453276116 -0.0009756408499 0.07452424712 0.001625985529 -0.07451005776 -0.002276206382 0.07449019418 0.002926253894 -0.07446465788 -0.00357607856 0.0744334508 0.004225630894 -0.07439657533 -0.00487486143 0.07435403428 0.005523720726 -0.07430583087
0.806092472 -0.0003252218723 -0.07453276116 0.0009756408499 0.07452424712 -0.001625985529 -0.07451005776 0.002276206382 0.07449019418 -0.002926253894 -0.07446465788 0.00357607856 0.0744334508 -0.004225630894 -0.07439657533 0.00487486143 0.07435403428 -0.005523720726 -0.07430583087
0.8060769219 -0.0009756408499 -0.07451005776 0.002926253894 0.0744334508 -0.00487486143 -0.07430583087 0.006820127979 0.07412728544 -0.008760720354 -0.07389793687 0.01069530857 0.07361794234 -0.01262256675 -0.07328749375 0.01454117406 0.07290681758 -0.01644981557 -0.07247617471
0.8060462424 -0.001625985529 -0.07446465788 0.00487486143 0.07425196879 -0.008114457756 -0.07389793687 0.01133860775 0.07340323602 -0.01454117406 -0.07276880794 0.01771606042 0.07199586029 -0.02085722325 -0.07108586444 0.02395868317 0.0700405526 -0.02701453637 -0.06886191459
0.8060012636 -0.002276206382 -0.07439657533 0.006820127979 0.0739800222 -0.01133860775 -0.07328749375 0.01581478994 0.07232157341 -0.02023197659 -0.07108586444 0.02457368981 0.06958497654 -0.02882373326 -0.06782450862 0.03296625257 0.06581102794 -0.03698579446 -0.06355204559
0.8059432029 -0.002926253894 -0.07430583087 0.008760720354 0.07361794234 -0.01454117406 -0.07247617471 0.02023197659 0.07088756736 -0.02579804226 -0.06886191459 0.03120505442 0.06641170522 -0.03641967704 -0.06355204559 0.04140976024 0.06030056648 -0.0461445385 -0.05667731432
0.8058736322 -0.00357607856 -0.07419245214 0.01069530857 0.07316617036 -0.01771606042 -0.07146620351 0.02457368981 0.06910820422 -0.03120505442 -0.06611388399 0.03754909527 0.06251081336 -0.04354739894 -0.05833216795 0.04914473544 0.05361642308 -0.05428956672 -0.04840699946
0.805794436 -0.004225630894 -0.07405647366 0.01262256675 0.07262525667 -0.02085722325 -0.07026034842 0.02882373326 0.06699215284 -0.03641967704 -0.06286268682 0.04354739894 0.05792503994 -0.05011526291 -0.05224269203 0.05603883059 0.045888697 -0.06124194689 -0.03894474363
0.805707761 -0.00487486143 -0.07389793687 0.01454117406 0.07199586029 -0.02395868317 -0.06886191459 0.03296625257 0.06454972244 -0.04140976024 -0.05913306664 0.04914473544 0.05270462767 -0.05603883059 -0.04537439791 0.06197408581 0.03726779962 -0.06684894724 -0.02852353895
0.8056159583 -0.005523720726 -0.07371689004 0.01644981557 0.07127874805 -0.02701453637 -0.06727473504 0.03698579446 0.06179281227 -0.0461445385 -0.05495340811 0.05428956672 0.04690677247 -0.06124194689 -0.03782967603 0.06684894724 0.02792152692 -0.07098739165 -0.01739999009
0.8055215205 -0.00617215937 -0.07351338834 0.0183471832 0.07047479363 -0.03001896587 -0.06550316012 0.04086736443 0.05873485374 -0.05059482034 -0.05035552097 0.0589345212 0.04059499685 -0.06565771905 -0.0297210008 0.07058000465 0.01803179346 -0.07356636564 -0.005847995717
0.8054270147 -0.006820127979 -0.07328749375 0.02023197659 0.06958497654 -0.03296625257 -0.06355204559 0.04459648265 0.0553907449 -0.05473316828 -0.04537439791 0.06303682999 0.03383845395 -0.06922937661 -0.02116925391 0.07310341861 0.007791091648 -0.0745292136 0.005847995717
0.8053350136 -0.00746757721 -0.07303927508 0.02210290399 0.06861038086 -0.03585078612 -0.06142673933 0.04815923801 0.05177677792 -0.05853406804 -0.04004794828 0.06655872066 0.02671116987 -0.07191100133 -0.01230192221 0.07437601281 -0.0026012549 -0.07385478344 0.01739999009
0.8052480262 -0.008114457756 -0.07276880794 0.02395868317 0.06755219401 -0.03866707567 -0.05913306664 0.05154234 0.04791055968 -0.06197408581 -0.03441670959 0.06946776504 0.01929123262 -0.07366811746 -0.003251197176 0.07437601281 -0.01294297098 -0.07155789121 0.02852353895
0.8051684301 -0.008760720354 -0.07247617471 0.02579804226 0.06641170522 -0.04140976024 -0.05667731432 0.05473316828 0.04381092601 -0.06503201273 -0.02852353895 0.0717371778 0.0116599366 -0.074478135 0.005847995717 0.07310341861 -0.02303276685 -0.06768899567 0.03894474363
0.8050984075 -0.009406315789 -0.07216146454 0.02761972066 0.06519030399 -0.04407361898 -0.05406621342 0.05771981978 0.03949784991 -0.06768899567 -0.02241328696 0.07334606309 0.003900891861 -0.07433064015 0.01486000846 0.07058000465 -0.03267425612 -0.06233308977 0.04840699946
0.8050398855 -0.0100511949 -0.07182477329 0.02942246989 0.06388947842 -0.04665358108 -0.0513069208 0.06049115308 0.03499234426 -0.06992865343 -0.01613245633 0.07427960692 -0.003900891861 -0.07322752913 0.02365049271 0.06684894724 -0.04167977816 -0.05560783353 0.05667731432
0.8049944845 -0.01069530857 -0.07146620351 0.03120505442 0.06251081336 -0.04914473544 -0.04840699946 0.06303682999 0.03031635943 -0.0717371778 -0.009728847955 0.0745292136 -0.0116599366 -0.07118298386 0.03208840258 0.06197408581 -0.04987405072 -0.0476609692 0.06355204559
0.8049634731 -0.01133860775 -0.07108586444 0.03296625257 0.0610559885 -0.05154234 -0.04537439791 0.06534735412 0.02549267634 -0.07310341861 -0.003251197176 0.07409258486 -0.01929123262 -0.0682232896 0.04004794828 0.05603883059 -0.05709758162 -0.03866707567 0.06886191459
0.8049477334 -0.01198104345 -0.07068387192 0.03470485729 0.05952677632 -0.05384183079 -0.04221742829 0.06741410626 0.02054479549 -0.07401895254 0.003251197176 0.07297374098 -0.02671116987 -0.06438649703 0.04741047132 0.04914473544 -0.06320977304 -0.02882373326 0.07247617471
0.8049477366 -0.01262256675 -0.07026034842 0.03641967704 0.05792503994 -0.05603883059 -0.03894474363 0.06922937661 0.01549682247 -0.074478135 0.009728847955 0.07118298386 -0.03383845395 -0.05972193308 0.05406621342 0.04140976024 -0.06809165813 -0.0183471832 0.07430583087
0.8049635286 -0.01326312879 -0.06981542293 0.03810953656 0.05625273082 -0.05812915729 -0.03556531413 0.07078639348 0.01037335048 -0.074478135 0.01613245633 0.06873680205 -0.04059499685 -0.05428956672 0.05991595282 0.03296625257 -0.07164821654 -0.00746757721 0.07430583087
0.8049947279 -0.0139026808 -0.06934923098 0.03977327771 0.05451188641 -0.06010883184 -0.03208840258 0.07207934856 0.005199340572 -0.07401895254 0.02241328696 0.06565771905 -0.04690677247 -0.04815923801 0.06487248336 0.02395868317 -0.07381022392 0.00357607856 0.07247617471
0.8050405344 -0.01454117406 -0.06886191459 0.04140976024 0.05270462767 -0.06197408581 -0.02852353895 0.07310341861 1.734777239e-16 -0.07310341861 0.02852353895 0.06197408581 -0.05270462767 -0.04140976024 0.06886191459 0.01454117406 -0.07453559925 0.01454117406 0.06886191459
0.8050997499 -0.01517855995 -0.06835362219 0.04301786259 0.05083315645 -0.06372136859 -0.02488049429 0.07385478344 -0.005199340572 -0.0717371778 0.03441670959 0.05771981978 -0.05792503994 -0.03412790664 0.07182477329 0.00487486143 -0.07381022392 0.02518682507 0.06355204559
0.8051708086 -0.01581478994 -0.06782450862 0.04459648265 0.04889975287 -0.06534735412 -0.02116925391 0.07433064015 -0.01037335048 -0.06992865343 0.04004794828 0.05293409255 -0.06251081336 -0.02640729483 0.07371689004 -0.00487486143 -0.07164821654 0.03527916503 0.05667731432
0.8052518183 -0.01644981557 -0.06727473504 0.0461445385 0.04690677247 -0.06684894724 -0.01739999009 0.0745292136 -0.01549682247 -0.06768899567 0.04537439791 0.0476609692 -0.06641170522 -0.0183471832 0.07451005776 -0.01454117406 -0.06809165813 0.04459648265 0.04840699946
0.8053406102 -0.01708358849 -0.06670446893 0.0476609692 0.04485664339 -0.0682232896 -0.0135830341 0.07444976305 -0.02054479549 -0.06503201273 0.05035552097 0.04194900255 -0.06958497654 -0.0100511949 0.07419245214 -0.02395868317 -0.06320977304 0.05293409255 0.03894474363
0.8054347961 -0.01771606042 -0.06611388399 0.04914473544 0.0427518634 -0.06946776504 -0.009728847955 0.07409258486 -0.02549267634 -0.06197408581 0.05495340811 0.03585078612 -0.07199586029 -0.001625985529 0.07276880794 -0.03296625257 -0.05709758162 0.06010883184 0.02852353895
0.8055318318 -0.0183471832 -0.06550316012 0.05059482034 0.04059499685 -0.07058000465 -0.005847995717 0.07345901146 -0.03031635943 -0.05853406804 0.05913306664 0.02942246989 -0.07361794234 0.006820127979 0.07026034842 -0.04140976024 -0.04987405072 0.06596308389 0.01739999009
0.8056290852 -0.01897690878 -0.06487248336 0.05201023008 0.03838867155 -0.07155789121 -0.001951114529 0.07255140633 -0.03499234426 -0.05473316828 0.06286268682 0.02272324322 -0.0744334508 0.01517855995 0.06670446893 -0.04914473544 -0.04167977816 0.07036824088 0.005847995717
0.8057239064 -0.01960518919 -0.0642220458 0.0533899946 0.03613557557 -0.07239956325 0.001951114529 0.0713731552 -0.03949784991 -0.05059482034 0.06611388399 0.01581478994 -0.0744334508 0.02334185198 0.06215417945 -0.05603883059 -0.03267425612 0.07322752913 -0.005847995717
0.8058136996 -0.02023197659 -0.06355204559 0.05473316828 0.03383845395 -0.07310341861 0.005847995717 0.06992865343 -0.04381092601 -0.0461445385 0.06886191459 0.008760720354 -0.07361794234 0.03120505442 0.05667731432 -0.06197408581 -0.02303276685 0.074478135 -0.01739999009
0.8058959928 -0.02085722325 -0.06286268682 0.05603883059 0.03150010539 -0.07366811746 0.009728847955 0.0682232896 -0.04791055968 -0.04140976024 0.07108586444 0.001625985529 -0.07199586029 0.03866707567 0.05035552097 -0.06684894724 -0.01294297098 0.07409258486 -0.02852353895
0.805968505 -0.02148088155 -0.06215417945 0.05730608668 0.02912337881 -0.07409258486 0.0135830341 0.06626342538 -0.05177677792 -0.03641967704 0.07276880794 -0.005523720726 -0.06958497654 0.04563198184 0.04328304279 -0.07058000465 -0.0026012549 0.07207934856 -0.03894474363
0.8060292087 -0.02210290399 -0.06142673933 0.05853406804 0.02671116987 -0.07437601281 0.01739999009 0.06405637188 -0.0553907449 -0.03120505442 0.07389793687 -0.01262256675 -0.06641170522 0.05201023008 0.03556531413 -0.07310341861 0.007791091648 0.06848265343 -0.04840699946
0.8060763857 -0.02272324322 -0.06068058802 0.05972193308 0.02426641749 -0.0745178618 0.02116925391 0.06161036229 -0.05873485374 -0.02579804226 0.07446465788 -0.01960518919 -0.06251081336 0.05771981978 0.02731738856 -0.07437601281 0.01803179346 0.06338151266 -0.05667731432
0.8061086752 -0.02334185198 -0.05991595282 0.06086886769 0.02179210022 -0.0745178618 0.02488049429 0.0589345212 -0.06179281227 -0.02023197659 0.07446465788 -0.02640729483 -0.05792503994 0.06268734682 0.01866222364 -0.07437601281 0.02792152692 0.0568879895 -0.06355204559
0.8061251121 -0.02395868317 -0.05913306664 0.06197408581 0.01929123262 -0.07437601281 0.02852353895 0.05603883059 -0.06454972244 -0.01454117406 0.07389793687 -0.03296625257 -0.05270462767 0.06684894724 0.009728847955 -0.07310341861 0.03726779962 0.04914473544 -0.06886191459
0.8061251553 -0.02457368981 -0.05833216795 0.06303682999 0.01676686164 -0.07409258486 0.03208840258 0.05293409255 -0.06699215284 -0.008760720354 0.07276880794 -0.03922167013 -0.04690677247 0.0701511183 0.0006504375527 -0.07058000465 0.045888697 0.0403218564 -0.07247617471
0.8061087049 -0.02518682507 -0.05751350072 0.06405637188 0.01422206281 -0.07366811746 0.03556531413 0.049631889 -0.06910820422 -0.002926253894 0.07108586444 -0.04511595012 -0.04059499685 0.07255140633 -0.008437669375 -0.06684894724 0.05361642308 0.0306131758 -0.07430583087
0.806076107 -0.02579804226 -0.05667731432 0.06503201273 0.0116599366 -0.07310341861 0.03894474363 0.0461445385 -0.07088756736 0.002926253894 0.06886191459 -0.05059482034 -0.03383845395 0.07401895254 -0.01739999009 -0.06197408581 0.06030056648 0.02023197659 -0.07430583087
0.8060281478 -0.02640729483 -0.05582386346 0.06596308389 0.009083604541 -0.07239956325 0.04221742829 0.04248505027 -0.07232157341 0.008760720354 0.06611388399 -0.05560783353 -0.02671116987 0.07453488972 -0.02610291702 -0.05603883059 0.06581102794 0.009406315789 -0.07247617471
0.8059660346 -0.02701453637 -0.05495340811 0.06684894724 0.006496205514 -0.07155789121 0.04537439791 0.03866707567 -0.07340323602 0.01454117406 0.06286268682 -0.06010883184 -0.01929123262 0.07409258486 -0.03441670959 -0.04914473544 0.0700405526 -0.001625985529 -0.06886191459
0.8058913664 -0.02761972066 -0.05406621342 0.06768899567 0.003900891861 -0.07058000465 0.04840699946 0.03470485729 -0.07412728544 0.02023197659 0.05913306664 -0.06405637188 -0.0116599366 0.07269772433 -0.04221742829 -0.04140976024 0.07290681758 -0.01262256675 -0.06355204559
0.8058060928 -0.0282228016 -0.05316254964 0.06848265343 0.001300825572 -0.06946776504 0.0513069208 0.0306131758 -0.07449019418 0.02579804226 0.05495340811 -0.06741410626 -0.003900891861 0.07036824088 -0.04938878237 -0.03296625257 0.07435403428 -0.02334185198 -0.05667731432
0.805712465 -0.02882373326 -0.05224269203 0.06922937661 -0.001300825572 -0.0682232896 0.05406621342 0.02640729483 -0.07449019418 0.03120505442 0.05035552097 -0.0701511183 0.003900891861 0.06713408301 -0.05582386346 -0.02395868317 0.07435403428 -0.03354835702 -0.04840699946
0.8056129759 -0.02942246989 -0.0513069208 0.06992865343 -0.003900891861 -0.06684894724 0.05667731432 0.02210290399 -0.07412728544 0.03641967704 0.04537439791 -0.07224220667 0.0116599366 0.06303682999 -0.06142673933 -0.01454117406 0.07290681758 -0.04301786259 -0.03894474363
0.8055102961 -0.03001896587 -0.05035552097 0.07058000465 -0.006496205514 -0.06534735412 0.05913306664 0.01771606042 -0.07340323602 0.04140976024 0.04004794828 -0.07366811746 0.01929123262 0.05812915729 -0.06611388399 -0.00487486143 0.0700405526 -0.05154234 -0.02852353895
0.805407202 -0.0306131758 -0.04938878237 0.07118298386 -0.009083604541 -0.06372136859 0.06142673933 0.01326312879 -0.07232157341 0.0461445385 0.03441670959 -0.07441572145 0.02671116987 0.05247415937 -0.06981542293 0.00487486143 0.06581102794 -0.0589345212 -0.01739999009
0.8053065031 -0.03120505442 -0.04840699946 0.0717371778 -0.0116599366 -0.06197408581 0.06355204559 0.008760720354 -0.07088756736 0.05059482034 0.02852353895 -0.074478135 0.03383845395 0.0461445385 -0.07247617471 0.01454117406 0.06030056648 -0.06503201273 -0.005847995717
0.8052109656 -0.03179455665 -0.04741047132 0.07224220667 -0.01422206281 -0.06010883184 0.06550316012 0.004225630894 -0.06910820422 0.05473316828 0.02241328696 -0.07385478344 0.04059499685 0.03922167013 -0.07405647366 0.02395868317 0.05361642308 -0.06970086323 0.005847995717
0.8051232382 -0.0323816376 -0.04639950148 0.07269772433 -0.01676686164 -0.05812915729 0.06727473504 -0.0003252218723 -0.06699215284 0.05853406804 0.01613245633 -0.07255140633 0.04690677247 0.03179455665 -0.07453276116 0.03296625257 0.045888697 -0.07283850613 0.01739999009
0.8050457797 -0.03296625257 -0.04537439791 0.07310341861 -0.01929123262 -0.05603883059 0.06886191459 -0.00487486143 -0.06454972244 0.06197408581 0.009728847955 -0.07058000465 0.05270462767 0.02395868317 -0.07389793687 0.04140976024 0.03726779962 -0.07437601281 0.02852353895
0.8049807914 -0.03354835702 -0.04433547286 0.07345901146 -0.02179210022 -0.05384183079 0.07026034842 -0.009406315789 -0.06179281227 0.06503201273 0.003251197176 -0.06795873029 0.05792503994 0.01581478994 -0.07216146454 0.04914473544 0.02792152692 -0.07427960692 0.03894474363
0.8049301555 -0.03412790664 -0.04328304279 0.07376425917 -0.02426641749 -0.05154234 0.07146620351 -0.0139026808 -0.05873485374 0.06768899567 -0.003251197176 -0.06471171891 0.06251081336 0.00746757721 -0.06934923098 0.05603883059 0.01803179346 -0.07255140633 0.04840699946
0.8048953819 -0.03470485729 -0.04221742829 0.07401895254 -0.02671116987 -0.04914473544 0.07247617471 -0.0183471832 -0.0553907449 0.06992865343 -0.009728847955 -0.06086886769 0.06641170522 -0.0009756408499 -0.06550316012 0.06197408581 0.007791091648 -0.06922937661 0.05667731432
0.8048775644 -0.03527916503 -0.04113895395 0.07422291701 -0.02912337881 -0.04665358108 0.07328749375 -0.02272324322 -0.05177677792 0.0717371778 -0.01613245633 -0.05646556008 0.06958497654 -0.009406315789 -0.06068058802 0.06684894724 -0.0026012549 -0.06438649703 0.06355204559
0.8048773473 -0.03585078612 -0.04004794828 0.07437601281 -0.03150010539 -0.04407361898 0.07389793687 -0.02701453637 -0.04791055968 0.07310341861 -0.02241328696 -0.05154234 0.07199586029 -0.01771606042 -0.05495340811 0.07058000465 -0.01294297098 -0.05812915729 0.06886191459
0.8048949041 -0.03641967704 -0.03894474363 0.074478135 -0.03383845395 -0.04140976024 0.07430583087 -0.03120505442 -0.04381092601 0.07401895254 -0.02852353895 -0.0461445385 0.07361794234 -0.02579804226 -0.04840699946 0.07310341861 -0.02303276685 -0.05059482034 0.07247617471
0.8049299286 -0.03698579446 -0.03782967603 0.0745292136 -0.03613557557 -0.03866707567 0.07451005776 -0.03527916503 -0.03949784991 0.074478135 -0.03441670959 -0.0403218564 0.0744334508 -0.03354835702 -0.04113895395 0.07437601281 -0.03267425612 -0.04194900255 0.07430583087
0.8049816383 -0.03754909527 -0.03670308514 0.0745292136 -0.03838867155 -0.03585078612 0.07451005776 -0.03922167013 -0.03499234426 0.074478135 -0.04004794828 -0.03412790664 0.0744334508 -0.04086736443 -0.03325762138 0.07437601281 -0.04167977816 -0.0323816376 0.07430583087
0.805048791 -0.03810953656 -0.03556531413 0.074478135 -0.04059499685 -0.03296625257 0.07430583087 -0.04301786259 -0.03031635943 0.07401895254 -0.04537439791 -0.02761972066 0.07361794234 -0.0476609692 -0.02488049429 0.07310341861 -0.04987405072 -0.02210290399 0.07247617471
0.8051297135 -0.03866707567 -0.03441670959 0.07437601281 -0.0427518634 -0.03001896587 0.07389793687 -0.04665358108 -0.02549267634 0.07310341861 -0.05035552097 -0.02085722325 0.07199586029 -0.05384183079 -0.01613245633 0.07058000465 -0.05709758162 -0.01133860775 0.06886191459
0.8052223425 -0.03922167013 -0.03325762138 0.07422291701 -0.04485664339 -0.02701453637 0.07328749375 -0.05011526291 -0.02054479549 0.0717371778 -0.05495340811 -0.0139026808 0.06958497654 -0.05933048626 -0.0071439206 0.06684894724 -0.06320977304 -0.0003252218723 0.06355204559
0.8053242757 -0.03977327771 -0.03208840258 0.07401895254 -0.04690677247 -0.02395868317 0.07247617471 -0.0533899946 -0.01549682247 0.06992865343 -0.05913306664 -0.006820127979 0.06641170522 -0.06405637188 0.001951114529 0.06197408581 -0.06809165813 0.01069530857 0.05667731432
0.8054328328 -0.0403218564 -0.03090940935 0.07376425917 -0.04889975287 -0.02085722325 0.07146620351 -0.05646556008 -0.01037335048 0.06768899567 -0.06286268682 0.0003252218723 0.06251081336 -0.06795873029 0.01101706303 0.05603883059 -0.07164821654 0.02148088155 0.04840699946
0.8055451251 -0.04086736443 -0.0297210008 0.07345901146 -0.05083315645 -0.01771606042 0.07026034842 -0.05933048626 -0.005199340572 0.06503201273 -0.06611388399 0.00746757721 0.05792503994 -0.07098739165 0.0199187725 0.04914473544 -0.07381022392 0.03179455665 0.03894474363
0.8056581298 -0.04140976024 -0.02852353895 0.07310341861 -0.05270462767 -0.01454117406 0.06886191459 -0.06197408581 8.219794083e-17 0.06197408581 -0.06886191459 0.01454117406 0.05270462767 -0.07310341861 0.02852353895 0.04140976024 -0.07453559925 0.04140976024 0.02852353895
0.8057687708 -0.04194900255 -0.02731738856 0.07269772433 -0.05451188641 -0.01133860775 0.06727473504 -0.06438649703 0.005199340572 0.05853406804 -0.07108586444 0.02148088155 0.04690677247 -0.07427960692 0.03670308514 0.03296625257 -0.07381022392 0.05011526291 0.01739999009
0.8058739999 -0.04248505027 -0.02610291702 0.07224220667 -0.05625273082 -0.008114457756 0.06550316012 -0.06655872066 0.01037335048 0.05473316828 -0.07276880794 0.0282228016 0.04059499685 -0.07450083516 0.04433547286 0.02395868317 -0.07164821654 0.05771981978 0.005847995717
0.8059708793 -0.04301786259 -0.02488049429 0.0717371778 -0.05792503994 -0.00487486143 0.06355204559 -0.06848265343 0.01549682247 0.05059482034 -0.07389793687 0.03470485729 0.03383845395 -0.07376425917 0.0513069208 0.01454117406 -0.06809165813 0.06405637188 -0.005847995717
0.8060566618 -0.04354739894 -0.02365049271 0.07118298386 -0.05952677632 -0.001625985529 0.06142673933 -0.0701511183 0.02054479549 0.0461445385 -0.07446465788 0.04086736443 0.02671116987 -0.07207934856 0.05751350072 0.00487486143 -0.06320977304 0.0689857161 -0.01739999009
0.8061288666 -0.04407361898 -0.02241328696 0.07058000465 -0.0610559885 0.001625985529 0.05913306664 -0.07155789121 0.02549267634 0.04140976024 -0.07446465788 0.04665358108 0.01929123262 -0.06946776504 0.06286268682 -0.00487486143 -0.05709758162 0.07239956325 -0.02852353895
0.8061853494 -0.04459648265 -0.02116925391 0.06992865343 -0.06251081336 0.00487486143 0.05667731432 -0.07269772433 0.03031635943 0.03641967704 -0.07389793687 0.05201023008 0.0116599366 -0.06596308389 0.06727473504 -0.01454117406 -0.04987405072 0.07422291701 -0.03894474363
0.8062243638 -0.04511595012 -0.0199187725 0.06922937661 -0.06388947842 0.008114457756 0.05406621342 -0.07356636564 0.03499234426 0.03120505442 -0.07276880794 0.0568879895 0.003900891861 -0.06161036229 0.07068387192 -0.02395868317 -0.04167977816 0.07441572145 -0.04840699946
0.8062446134 -0.04563198184 -0.01866222364 0.06848265343 -0.06519030399 0.01133860775 0.0513069208 -0.07416057474 0.03949784991 0.02579804226 -0.07108586444 0.06124194689 -0.003900891861 -0.05646556008 0.07303927508 -0.03296625257 -0.03267425612 0.07297374098 -0.05667731432
0.8062452924 -0.0461445385 -0.01739999009 0.06768899567 -0.06641170522 0.01454117406 0.04840699946 -0.074478135 0.04381092601 0.02023197659 -0.06886191459 0.06503201273 -0.0116599366 -0.05059482034 0.07430583087 -0.04140976024 -0.02303276685 0.06992865343 -0.06355204559
0.8062261134 -0.04665358108 -0.01613245633 0.06684894724 -0.06755219401 0.01771606042 0.04537439791 -0.0745178618 0.04791055968 0.01454117406 -0.06611388399 0.0682232896 -0.01929123262 -0.04407361898 0.07446465788 -0.04914473544 -0.01294297098 0.06534735412 -0.06886191459
0.8061873222 -0.04715907081 -0.01486000846 0.06596308389 -0.06861038086 0.02085722325 0.04221742829 -0.07427960692 0.05177677792 0.008760720354 -0.06286268682 0.07078639348 -0.02671116987 -0.03698579446 0.07351338834 -0.05603883059 -0.0026012549 0.05933048626 -0.07247617471
0.8061296987 -0.0476609692 -0.0135830341 0.06503201273 -0.06958497654 0.02395868317 0.03894474363 -0.07376425917 0.0553907449 0.002926253894 -0.05913306664 0.07269772433 -0.03383845395 -0.02942246989 0.07146620351 -0.06197408581 0.007791091648 0.05201023008 -0.07430583087
0.8060545427 -0.04815923801 -0.01230192221 0.06405637188 -0.07047479363 0.02701453637 0.03556531413 -0.07297374098 0.05873485374 -0.002926253894 -0.05495340811 0.07393968338 -0.04059499685 -0.02148088155 0.06835362219 -0.06684894724 0.01803179346 0.04354739894 -0.07430583087
0.8059636473 -0.04865383932 -0.01101706303 0.06303682999 -0.07127874805 0.03001896587 0.03208840258 -0.07191100133 0.06179281227 -0.008760720354 -0.05035552097 0.07450083516 -0.04690677247 -0.01326312879 0.0642220458 -0.07058000465 0.02792152692 0.03412790664 -0.07247617471
0.8058592572 -0.04914473544 -0.009728847955 0.06197408581 -0.07199586029 0.03296625257 0.02852353895 -0.07058000465 0.06454972244 -0.01454117406 -0.04537439791 0.07437601281 -0.05270462767 -0.00487486143 0.05913306664 -0.07310341861 0.03726779962 0.02395868317 -0.06886191459
0.8057440156 -0.049631889 -0.008437669375 0.06086886769 -0.07262525667 0.03585078612 0.02488049429 -0.0689857161 0.06699215284 -0.02023197659 -0.04004794828 0.07356636564 -0.05792503994 0.00357607856 0.05316254964 -0.07437601281 0.045888697 0.01326312879 -0.06355204559
0.8056208995 -0.05011526291 -0.0071439206 0.05972193308 -0.07316617036 0.03866707567 0.02116925391 -0.06713408301 0.06910820422 -0.02579804226 -0.03441670959 0.07207934856 -0.06251081336 0.01198104345 0.04639950148 -0.07437601281 0.05361642308 0.002276206382 -0.05667731432
0.8054931449 -0.05059482034 -0.005847995717 0.05853406804 -0.07361794234 0.04140976024 0.01739999009 -0.06503201273 0.07088756736 -0.03120505442 -0.02852353895 0.06992865343 -0.06641170522 0.02023197659 0.03894474363 -0.07310341861 0.06030056648 -0.008760720354 -0.04840699946
0.8053641641 -0.05107052478 -0.004550289478 0.05730608668 -0.0739800222 0.04407361898 0.0135830341 -0.06268734682 0.07232157341 -0.03641967704 -0.02241328696 0.06713408301 -0.06958497654 0.0282228016 0.03090940935 -0.07058000465 0.06581102794 -0.01960518919 -0.03894474363
0.8052374578 -0.05154234 -0.003251197176 0.05603883059 -0.07425196879 0.04665358108 0.009728847955 -0.06010883184 0.07340323602 -0.04140976024 -0.01613245633 0.06372136859 -0.07199586029 0.03585078612 0.02241328696 -0.06684894724 0.0700405526 -0.03001896587 -0.02852353895
0.8051165223 -0.05201023008 -0.001951114529 0.05473316828 -0.0744334508 0.04914473544 0.005847995717 -0.05730608668 0.07412728544 -0.0461445385 -0.009728847955 0.05972193308 -0.07361794234 0.04301786259 0.0135830341 -0.06197408581 0.07290681758 -0.03977327771 -0.01739999009
0.8050047568 -0.05247415937 -0.0006504375527 0.0533899946 -0.07452424712 0.05154234 0.001951114529 -0.05428956672 0.07449019418 -0.05059482034 -0.003251197176 0.05517260171 -0.0744334508 0.049631889 0.004550289478 -0.05603883059 0.07435403428 -0.04865383932 -0.005847995717
0.8049053703 -0.05293409255 0.0006504375527 0.05201023008 -0.07452424712 0.05384183079 -0.001951114529 -0.05107052478 0.07449019418 -0.05473316828 0.003251197176 0.05011526291 -0.0744334508 0.05560783353 -0.004550289478 -0.04914473544 0.07435403428 -0.05646556008 0.005847995717
0.8048212935 -0.0533899946 0.001951114529 0.05059482034 -0.0744334508 0.05603883059 -0.005847995717 -0.0476609692 0.07412728544 -0.05853406804 0.009728847955 0.04459648265 -0.07361794234 0.06086886769 -0.0135830341 -0.04140976024 0.07290681758 -0.06303682999 0.01739999009
0.8047550954 -0.05384183079 0.003251197176 0.04914473544 -0.07425196879 0.05812915729 -0.009728847955 -0.04407361898 0.07340323602 -0.06197408581 0.01613245633 0.03866707567 -0.07199586029 0.06534735412 -0.02241328696 -0.03296625257 0.0700405526 -0.0682232896 0.02852353895
0.8047089088 -0.05428956672 0.004550289478 0.0476609692 -0.0739800222 0.06010883184 -0.0135830341 -0.0403218564 0.07232157341 -0.06503201273 0.02241328696 0.0323816376 -0.06958497654 0.0689857161 -0.03090940935 -0.02395868317 0.06581102794 -0.07191100133 0.03894474363
0.8046843657 -0.05473316828 0.005847995717 0.0461445385 -0.07361794234 0.06197408581 -0.01739999009 -0.03641967704 0.07088756736 -0.06768899567 0.02852353895 0.02579804226 -0.06641170522 0.0717371778 -0.03894474363 -0.01454117406 0.06030056648 -0.07401895254 0.04840699946
0.8046825449 -0.05517260171 0.0071439206 0.04459648265 -0.07316617036 0.06372136859 -0.02116925391 -0.0323816376 0.06910820422 -0.06992865343 0.03441670959 0.01897690878 -0.06251081336 0.07356636564 -0.04639950148 -0.00487486143 0.05361642308 -0.07450083516 0.05667731432
0.8047039333 -0.05560783353 0.008437669375 0.04301786259 -0.07262525667 0.06534735412 -0.02488049429 -0.0282228016 0.06699215284 -0.0717371778 0.04004794828 0.01198104345 -0.05792503994 0.07444976305 -0.05316254964 0.00487486143 0.045888697 -0.07334606309 0.06355204559
0.8047484018 -0.05603883059 0.009728847955 0.04140976024 -0.07199586029 0.06684894724 -0.02852353895 -0.02395868317 0.06454972244 -0.07310341861 0.04537439791 0.00487486143 -0.05270462767 0.07437601281 -0.05913306664 0.01454117406 0.03726779962 -0.07058000465 0.06886191459
0.8048151973 -0.05646556008 0.01101706303 0.03977327771 -0.07127874805 0.0682232896 -0.03208840258 -0.01960518919 0.06179281227 -0.07401895254 0.05035552097 -0.002276206382 -0.04690677247 0.07334606309 -0.0642220458 0.02395868317 0.02792152692 -0.06626342538 0.07247617471
0.8049029506 -0.0568879895 0.01230192221 0.03810953656 -0.07047479363 0.06946776504 -0.03556531413 -0.01517855995 0.05873485374 -0.074478135 0.05495340811 -0.009406315789 -0.04059499685 0.0713731552 -0.06835362219 0.03296625257 0.01803179346 -0.06049115308 0.07430583087
0.8050097011 -0.05730608668 0.0135830341 0.03641967704 -0.06958497654 0.07058000465 -0.03894474363 -0.01069530857 0.0553907449 -0.074478135 0.05913306664 -0.01644981557 -0.03383845395 0.06848265343 -0.07146620351 0.04140976024 0.007791091648 -0.0533899946 0.07430583087
0.8051329365 -0.05771981978 0.01486000846 0.03470485729 -0.06861038086 0.07155789121 -0.04221742829 -0.00617215937 0.05177677792 -0.07401895254 0.06286268682 -0.02334185198 -0.02671116987 0.06471171891 -0.07351338834 0.04914473544 -0.0026012549 -0.04511595012 0.07247617471
0.8052696489 -0.05812915729 0.01613245633 0.03296625257 -0.06755219401 0.07239956325 -0.04537439791 -0.001625985529 0.04791055968 -0.07310341861 0.06611388399 -0.03001896587 -0.01929123262 0.06010883184 -0.07446465788 0.05603883059 -0.01294297098 -0.03585078612 0.06886191459
0.805416404 -0.05853406804 0.01739999009 0.03120505442 -0.06641170522 0.07310341861 -0.04840699946 0.002926253894 0.04381092601 -0.0717371778 0.06886191459 -0.03641967704 -0.0116599366 0.05473316828 -0.07430583087 0.06197408581 -0.02303276685 -0.02579804226 0.06355204559
0.8055694232 -0.0589345212 0.01866222364 0.02942246989 -0.06519030399 0.07366811746 -0.0513069208 0.00746757721 0.03949784991 -0.06992865343 0.07108586444 -0.04248505027 -0.003900891861 0.04865383932 -0.07303927508 0.06684894724 -0.03267425612 -0.01517855995 0.05667731432
0.8057246762 -0.05933048626 0.0199187725 0.02761972066 -0.06388947842 0.07409258486 -0.05406621342 0.01198104345 0.03499234426 -0.06768899567 0.07276880794 -0.04815923801 0.003900891861 0.04194900255 -0.07068387192 0.07058000465 -0.04167977816 -0.004225630894 0.04840699946
0.8058779824 -0.05972193308 0.02116925391 0.02579804226 -0.06251081336 0.07437601281 -0.05667731432 0.01644981557 0.03031635943 -0.06503201273 0.07389793687 -0.0533899946 0.0116599366 0.03470485729 -0.06727473504 0.07310341861 -0.04987405072 0.006820127979 0.03894474363
0.8060251175 -0.06010883184 0.02241328696 0.02395868317 -0.0610559885 0.0745178618 -0.05913306664 0.02085722325 0.02549267634 -0.06197408581 0.07446465788 -0.05812915729 0.01929123262 0.02701453637 -0.06286268682 0.07437601281 -0.05709758162 0.01771606042 0.02852353895
0.8061619243 -0.06049115308 0.02365049271 0.02210290399 -0.05952677632 0.0745178618 -0.06142673933 0.02518682507 0.02054479549 -0.05853406804 0.07446465788 -0.06233308977 0.02671116987 0.01897690878 -0.05751350072 0.07437601281 -0.06320977304 0.0282228016 0.01739999009
0.8062844241 -0.06086886769 0.02488049429 0.02023197659 -0.05792503994 0.07437601281 -0.06355204559 0.02942246989 0.01549682247 -0.05473316828 0.07389793687 -0.06596308389 0.03383845395 0.01069530857 -0.0513069208 0.07310341861 -0.06809165813 0.03810953656 0.005847995717
0.8063889247 -0.06124194689 0.02610291702 0.0183471832 -0.05625273082 0.07409258486 -0.06550316012 0.03354835702 0.01037335048 -0.05059482034 0.07276880794 -0.0689857161 0.04059499685 0.002276206382 -0.04433547286 0.07058000465 -0.07164821654 0.04715907081 -0.005847995717
0.8064721253 -0.06161036229 0.02731738856 0.01644981557 -0.05451188641 0.07366811746 -0.06727473504 0.03754909527 0.005199340572 -0.0461445385 0.07108586444 -0.0713731552 0.04690677247 -0.00617215937 -0.03670308514 0.06684894724 -0.07381022392 0.05517260171 -0.01739999009
0.8065312117 -0.06197408581 0.02852353895 0.01454117406 -0.05270462767 0.07310341861 -0.06886191459 0.04140976024 -7.306996253e-17 -0.04140976024 0.06886191459 -0.07310341861 0.05270462767 -0.01454117406 -0.02852353895 0.06197408581 -0.07453559925 0.06197408581 -0.02852353895
0.8065639426 -0.06233308977 0.0297210008 0.01262256675 -0.05083315645 0.07239956325 -0.07026034842 0.04511595012 -0.005199340572 -0.03641967704 0.06611388399 -0.07416057474 0.05792503994 -0.02272324322 -0.0199187725 0.05603883059 -0.07381022392 0.06741410626 -0.03894474363
0.8065687224 -0.06268734682 0.03090940935 0.01069530857 -0.04889975287 0.07155789121 -0.07146620351 0.04865383932 -0.01037335048 -0.03120505442 0.06286268682 -0.07453488972 0.06251081336 -0.0306131758 -0.01101706303 0.04914473544 -0.07164821654 0.0713731552 -0.04840699946
0.8065446589 -0.06303682999 0.03208840258 0.008760720354 -0.04690677247 0.07058000465 -0.07247617471 0.05201023008 -0.01549682247 -0.02579804226 0.05913306664 -0.07422291701 0.06641170522 -0.03810953656 -0.001951114529 0.04140976024 -0.06809165813 0.07376425917 -0.05667731432
0.806491605 -0.06338151266 0.03325762138 0.006820127979 -0.04485664339 0.06946776504 -0.07328749375 0.05517260171 -0.02054479549 -0.02023197659 0.05495340811 -0.07322752913 0.06958497654 -0.04511595012 0.0071439206 0.03296625257 -0.06320977304 0.07453488972 -0.06355204559
0.8064101821 -0.06372136859 0.03441670959 0.00487486143 -0.0427518634 0.0682232896 -0.07389793687 0.05812915729 -0.02549267634 -0.01454117406 0.05035552097 -0.07155789121 0.07199586029 -0.05154234 0.01613245633 0.02395868317 -0.05709758162 0.07366811746 -0.06886191459
0.8063017839 -0.06405637188 0.03556531413 0.002926253894 -0.04059499685 0.06684894724 -0.07430583087 0.06086886769 -0.03031635943 -0.008760720354 0.04537439791 -0.06922937661 0.07361794234 -0.05730608668 0.02488049429 0.01454117406 -0.04987405072 0.07118298386 -0.07247617471
0.8061685615 -0.06438649703 0.03670308514 0.0009756408499 -0.03838867155 0.06534735412 -0.07451005776 0.06338151266 -0.03499234426 -0.002926253894 0.04004794828 -0.06626342538 0.0744334508 -0.06233308977 0.03325762138 0.00487486143 -0.04167977816 0.06713408301 -0.07430583087
0.8060133879 -0.06471171891 0.03782967603 -0.0009756408499 -0.03613557557 0.06372136859 -0.07451005776 0.06565771905 -0.03949784991 0.002926253894 0.03441670959 -0.06268734682 0.0744334508 -0.06655872066 0.04113895395 -0.00487486143 -0.03267425612 0.06161036229 -0.07430583087
0.8058398042 -0.06503201273 0.03894474363 -0.002926253894 -0.03383845395 0.06197408581 -0.07430583087 0.06768899567 -0.04381092601 0.008760720354 0.02852353895 -0.05853406804 0.07361794234 -0.06992865343 0.04840699946 -0.01454117406 -0.02303276685 0.05473316828 -0.07247617471
0.8056519468 -0.06534735412 0.04004794828 -0.00487486143 -0.03150010539 0.06010883184 -0.07389793687 0.06946776504 -0.04791055968 0.01454117406 0.02241328696 -0.05384183079 0.07199586029 -0.07239956325 0.05495340811 -0.02395868317 -0.01294297098 0.04665358108 -0.06886191459
0.8054544578 -0.06565771905 0.04113895395 -0.006820127979 -0.02912337881 0.05812915729 -0.07328749375 0.07098739165 -0.05177677792 0.02023197659 0.01613245633 -0.04865383932 0.06958497654 -0.07393968338 0.06068058802 -0.03296625257 -0.0026012549 0.03754909527 -0.06355204559
0.8052523807 -0.06596308389 0.04221742829 -0.008760720354 -0.02671116987 0.05603883059 -0.07247617471 0.07224220667 -0.0553907449 0.02579804226 0.009728847955 -0.04301786259 0.06641170522 -0.0745292136 0.06550316012 -0.04140976024 0.007791091648 0.02761972066 -0.05667731432
0.8050510424 -0.06626342538 0.04328304279 -0.01069530857 -0.02426641749 0.05384183079 -0.07146620351 0.07322752913 -0.05873485374 0.03120505442 0.003251197176 -0.03698579446 0.06251081336 -0.07416057474 0.06934923098 -0.04914473544 0.01803179346 0.01708358849 -0.04840699946
0.8048559256 -0.06655872066 0.04433547286 -0.01262256675 -0.02179210022 0.05154234 -0.07026034842 0.07393968338 -0.06179281227 0.03641967704 -0.003251197176 -0.0306131758 0.05792503994 -0.07283850613 0.07216146454 -0.05603883059 0.02792152692 0.00617215937 -0.03894474363
0.8046725334 -0.06684894724 0.04537439791 -0.01454117406 -0.01929123262 0.04914473544 -0.06886191459 0.07437601281 -0.06454972244 0.04140976024 -0.009728847955 -0.02395868317 0.05270462767 -0.07058000465 0.07389793687 -0.06197408581 0.03726779962 -0.00487486143 -0.02852353895
0.8045062495 -0.06713408301 0.04639950148 -0.01644981557 -0.01676686164 0.04665358108 -0.06727473504 0.07453488972 -0.06699215284 0.0461445385 -0.01613245633 -0.01708358849 0.04690677247 -0.06741410626 0.07453276116 -0.06684894724 0.045888697 -0.01581478994 -0.01739999009
0.8043621972 -0.06741410626 0.04741047132 -0.0183471832 -0.01422206281 0.04407361898 -0.06550316012 0.07441572145 -0.06910820422 0.05059482034 -0.02241328696 -0.0100511949 0.04059499685 -0.06338151266 0.07405647366 -0.07058000465 0.05361642308 -0.02640729483 -0.005847995717
0.8042451016 -0.06768899567 0.04840699946 -0.02023197659 -0.0116599366 0.04140976024 -0.06355204559 0.07401895254 -0.07088756736 0.05473316828 -0.02852353895 -0.002926253894 0.03383845395 -0.05853406804 0.07247617471 -0.07310341861 0.06030056648 -0.03641967704 0.005847995717
0.8041591561 -0.06795873029 0.04938878237 -0.02210290399 -0.009083604541 0.03866707567 -0.06142673933 0.07334606309 -0.07232157341 0.05853406804 -0.03441670959 0.004225630894 0.02671116987 -0.05293409255 0.06981542293 -0.07437601281 0.06581102794 -0.04563198184 0.01739999009
0.804107899 -0.0682232896 0.05035552097 -0.02395868317 -0.006496205514 0.03585078612 -0.05913306664 0.07239956325 -0.07340323602 0.06197408581 -0.04004794828 0.01133860775 0.01929123262 -0.04665358108 0.06611388399 -0.07437601281 0.0700405526 -0.05384183079 0.02852353895
0.8040941019 -0.06848265343 0.0513069208 -0.02579804226 -0.003900891861 0.03296625257 -0.05667731432 0.07118298386 -0.07412728544 0.06503201273 -0.04537439791 0.0183471832 0.0116599366 -0.03977327771 0.06142673933 -0.07310341861 0.07290681758 -0.06086886769 0.03894474363
0.8041196731 -0.06873680205 0.05224269203 -0.02761972066 -0.001300825572 0.03001896587 -0.05406621342 0.06970086323 -0.07449019418 0.06768899567 -0.05035552097 0.02518682507 0.003900891861 -0.0323816376 0.05582386346 -0.07058000465 0.07435403428 -0.06655872066 0.04840699946
0.8041855792 -0.0689857161 0.05316254964 -0.02942246989 0.001300825572 0.02701453637 -0.0513069208 0.06795873029 -0.07449019418 0.06992865343 -0.05495340811 0.03179455665 -0.003900891861 -0.02457368981 0.04938878237 -0.06684894724 0.07435403428 -0.07078639348 0.05667731432
0.804291786 -0.06922937661 0.05406621342 -0.03120505442 0.003900891861 0.02395868317 -0.04840699946 0.06596308389 -0.07412728544 0.0717371778 -0.05913306664 0.03810953656 -0.0116599366 -0.01644981557 0.04221742829 -0.06197408581 0.07290681758 -0.07345901146 0.06355204559
0.8044372222 -0.06946776504 0.05495340811 -0.03296625257 0.006496205514 0.02085722325 -0.04537439791 0.06372136859 -0.07340323602 0.07310341861 -0.06286268682 0.04407361898 -0.01929123262 -0.008114457756 0.03441670959 -0.05603883059 0.0700405526 -0.0745178618 0.06886191459
0.8046197656 -0.06970086323 0.05582386346 -0.03470485729 0.009083604541 0.01771606042 -0.04221742829 0.06124194689 -0.07232157341 0.07401895254 -0.06611388399 0.049631889 -0.02671116987 0.0003252218723 0.02610291702 -0.04914473544 0.06581102794 -0.07393968338 0.07247617471
0.8048362538 -0.06992865343 0.05667731432 -0.03641967704 0.0116599366 0.01454117406 -0.03894474363 0.05853406804 -0.07088756736 0.074478135 -0.06886191459 0.05473316828 -0.03383845395 0.008760720354 0.01739999009 -0.04140976024 0.06030056648 -0.0717371778 0.07430583087
0.8050825196 -0.0701511183 0.05751350072 -0.03810953656 0.01422206281 0.01133860775 -0.03556531413 0.05560783353 -0.06910820422 0.074478135 -0.07108586444 0.05933048626 -0.04059499685 0.01708358849 0.008437669375 -0.03296625257 0.05361642308 -0.06795873029 0.07430583087
0.8053534499 -0.07036824088 0.05833216795 -0.03977327771 0.01676686164 0.008114457756 -0.03208840258 0.05247415937 -0.06699215284 0.07401895254 -0.07276880794 0.06338151266 -0.04690677247 0.02518682507 -0.0006504375527 -0.02395868317 0.045888697 -0.06268734682 0.07247617471
0.8056430687 -0.07058000465 0.05913306664 -0.04140976024 0.01929123262 0.00487486143 -0.02852353895 0.04914473544 -0.06454972244 0.07310341861 -0.07389793687 0.06684894724 -0.05270462767 0.03296625257 -0.009728847955 -0.01454117406 0.03726779962 -0.05603883059 0.06886191459
0.8059446415 -0.07078639348 0.05991595282 -0.04301786259 0.02179210022 0.001625985529 -0.02488049429 0.04563198184 -0.06179281227 0.0717371778 -0.07446465788 0.06970086323 -0.05792503994 0.0403218564 -0.01866222364 -0.00487486143 0.02792152692 -0.04815923801 0.06355204559
0.8062508007 -0.07098739165 0.06068058802 -0.04459648265 0.02426641749 -0.001625985529 -0.02116925391 0.04194900255 -0.05873485374 0.06992865343 -0.07446465788 0.07191100133 -0.06251081336 0.04715907081 -0.02731738856 0.00487486143 0.01803179346 -0.03922167013 0.05667731432
0.8065536879 -0.07118298386 0.06142673933 -0.0461445385 0.02671116987 -0.00487486143 -0.01739999009 0.03810953656 -0.0553907449 0.06768899567 -0.07389793687 0.07345901146 -0.06641170522 0.0533899946 -0.03556531413 0.01454117406 0.007791091648 -0.02942246989 0.04840699946
0.8068451115 -0.0713731552 0.06215417945 -0.0476609692 0.02912337881 -0.008114457756 -0.0135830341 0.03412790664 -0.05177677792 0.06503201273 -0.07276880794 0.07433064015 -0.06958497654 0.0589345212 -0.04328304279 0.02395868317 -0.0026012549 -0.01897690878 0.03894474363
0.8071167165 -0.07155789121 0.06286268682 -0.04914473544 0.03150010539 -0.01133860775 -0.009728847955 0.03001896587 -0.04791055968 0.06197408581 -0.07108586444 0.0745178618 -0.07199586029 0.06372136859 -0.05035552097 0.03296625257 -0.01294297098 -0.008114457756 0.02852353895
0.8073601614 -0.0717371778 0.06355204559 -0.05059482034 0.03383845395 -0.01454117406 -0.005847995717 0.02579804226 -0.04381092601 0.05853406804 -0.06886191459 0.07401895254 -0.07361794234 0.06768899567 -0.05667731432 0.04140976024 -0.02303276685 0.002926253894 0.01739999009
0.8075673005 -0.07191100133 0.0642220458 -0.05201023008 0.03613557557 -0.01771606042 -0.001951114529 0.02148088155 -0.03949784991 0.05473316828 -0.06611388399 0.07283850613 -0.0744334508 0.07078639348 -0.06215417945 0.04914473544 -0.03267425612 0.0139026808 0.005847995717
0.8077303666 -0.07207934856 0.06487248336 -0.0533899946 0.03838867155 -0.02085722325 0.001951114529 0.01708358849 -0.03499234426 0.05059482034 -0.06286268682 0.07098739165 -0.0744334508 0.07297374098 -0.06670446893 0.05603883059 -0.04167977816 0.02457368981 -0.005847995717
0.8078421493 -0.07224220667 0.06550316012 -0.05473316828 0.04059499685 -0.02395868317 0.005847995717 0.01262256675 -0.03031635943 0.0461445385 -0.05913306664 0.06848265343 -0.07361794234 0.07422291701 -0.07026034842 0.06197408581 -0.04987405072 0.03470485729 -0.01739999009
0.8078961668 -0.07239956325 0.06611388399 -0.05603883059 0.0427518634 -0.02701453637 0.009728847955 0.008114457756 -0.02549267634 0.04140976024 -0.05495340811 0.06534735412 -0.07199586029 0.0745178618 -0.07276880794 0.06684894724 -0.05709758162 0.04407361898 -0.02852353895
0.8078868258 -0.07255140633 0.06670446893 -0.05730608668 0.04485664339 -0.03001896587 0.0135830341 0.00357607856 -0.02054479549 0.03641967704 -0.05035552097 0.06161036229 -0.06958497654 0.07385478344 -0.07419245214 0.07058000465 -0.06320977304 0.05247415937 -0.03894474363
0.8078095659 -0.07269772433 0.06727473504 -0.05853406804 0.04690677247 -0.03296625257 0.01739999009 -0.0009756408499 -0.01549682247 0.03120505442 -0.04537439791 0.05730608668 -0.06641170522 0.07224220667 -0.07451005776 0.07310341861 -0.06809165813 0.05972193308 -0.04840699946
0.8076609865 -0.07283850613 0.06782450862 -0.05972193308 0.04889975287 -0.03585078612 0.02116925391 -0.005523720726 -0.01037335048 0.02579804226 -0.04004794828 0.05247415937 -0.06251081336 0.06970086323 -0.07371689004 0.07437601281 -0.07164821654 0.06565771905 -0.05667731432
0.8074389511 -0.07297374098 0.06835362219 -0.06086886769 0.05083315645 -0.03866707567 0.02488049429 -0.0100511949 -0.005199340572 0.02023197659 -0.03441670959 0.04715907081 -0.05792503994 0.06626342538 -0.07182477329 0.07437601281 -0.07381022392 0.0701511183 -0.06355204559
0.8071426678 -0.07310341861 0.06886191459 -0.06197408581 0.05270462767 -0.04140976024 0.02852353895 -0.01454117406 6.394198422e-17 0.01454117406 -0.02852353895 0.04140976024 -0.05270462767 0.06197408581 -0.06886191459 0.07310341861 -0.07453559925 0.07310341861 -0.06886191459
0.8067727432 -0.07322752913 0.06934923098 -0.06303682999 0.05451188641 -0.04407361898 0.03208840258 -0.01897690878 0.005199340572 0.008760720354 -0.02241328696 0.03527916503 -0.04690677247 0.0568879895 -0.06487248336 0.07058000465 -0.07381022392 0.07444976305 -0.07247617471
0.8063312091 -0.07334606309 0.06981542293 -0.06405637188 0.05625273082 -0.04665358108 0.03556531413 -0.02334185198 0.01037335048 0.002926253894 -0.01613245633 0.02882373326 -0.04059499685 0.05107052478 -0.05991595282 0.06684894724 -0.07164821654 0.07416057474 -0.07430583087
0.8058215192 -0.07345901146 0.07026034842 -0.06503201273 0.05792503994 -0.04914473544 0.03894474363 -0.02761972066 0.01549682247 -0.002926253894 -0.009728847955 0.02210290399 -0.03383845395 0.04459648265 -0.05406621342 0.06197408581 -0.06809165813 0.07224220667 -0.07430583087
0.8052485177 -0.07356636564 0.07068387192 -0.06596308389 0.05952677632 -0.05154234 0.04221742829 -0.03179455665 0.02054479549 -0.008760720354 -0.003251197176 0.01517855995 -0.02671116987 0.03754909527 -0.04741047132 0.05603883059 -0.06320977304 0.06873680205 -0.07247617471
0.8046183776 -0.07366811746 0.07108586444 -0.06684894724 0.0610559885 -0.05384183079 0.04537439791 -0.03585078612 0.02549267634 -0.01454117406 0.003251197176 0.008114457756 -0.01929123262 0.03001896587 -0.04004794828 0.04914473544 -0.05709758162 0.06372136859 -0.06886191459
0.8039385118 -0.07376425917 0.07146620351 -0.06768899567 0.06251081336 -0.05603883059 0.04840699946 -0.03977327771 0.03031635943 -0.02023197659 0.009728847955 0.0009756408499 -0.0116599366 0.02210290399 -0.03208840258 0.04140976024 -0.04987405072 0.05730608668 -0.06355204559
0.8032174574 -0.07385478344 0.07182477329 -0.06848265343 0.06388947842 -0.05812915729 0.0513069208 -0.04354739894 0.03499234426 -0.02579804226 0.01613245633 -0.00617215937 -0.003900891861 0.0139026808 -0.02365049271 0.03296625257 -0.04167977816 0.049631889 -0.05667731432
0.8024647353 -0.07393968338 0.07216146454 -0.06922937661 0.06519030399 -0.06010883184 0.05406621342 -0.04715907081 0.03949784991 -0.03120505442 0.02241328696 -0.01326312879 0.003900891861 0.005523720726 -0.01486000846 0.02395868317 -0.03267425612 0.04086736443 -0.04840699946
0.8016906877 -0.07401895254 0.07247617471 -0.06992865343 0.06641170522 -0.06197408581 0.05667731432 -0.05059482034 0.04381092601 -0.03641967704 0.02852353895 -0.02023197659 0.0116599366 -0.002926253894 -0.005847995717 0.01454117406 -0.02303276685 0.03120505442 -0.03894474363
0.8009062974 -0.07409258486 0.07276880794 -0.07058000465 0.06755219401 -0.06372136859 0.05913306664 -0.05384183079 0.04791055968 -0.04140976024 0.03441670959 -0.02701453637 0.01929123262 -0.01133860775 0.003251197176 0.00487486143 -0.01294297098 0.02085722325 -0.02852353895
0.8001229913 -0.07416057474 0.07303927508 -0.07118298386 0.06861038086 -0.06534735412 0.06142673933 -0.0568879895 0.05177677792 -0.0461445385 0.04004794828 -0.03354835702 0.02671116987 -0.01960518919 0.01230192221 -0.00487486143 -0.0026012549 0.0100511949 -0.01739999009
0.7993524332 -0.07422291701 0.07328749375 -0.0717371778 0.06958497654 -0.06684894724 0.06355204559 -0.05972193308 0.0553907449 -0.05059482034 0.04537439791 -0.03977327771 0.03383845395 -0.02761972066 0.02116925391 -0.01454117406 0.007791091648 -0.0009756408498 -0.005847995717
0.798606309 -0.07427960692 0.07351338834 -0.07224220667 0.07047479363 -0.0682232896 0.06550316012 -0.06233308977 0.05873485374 -0.05473316828 0.05035552097 -0.04563198184 0.04059499685 -0.03527916503 0.0297210008 -0.02395868317 0.01803179346 -0.01198104345 0.005847995717
0.7978961091 -0.07433064015 0.07371689004 -0.07269772433 0.07127874805 -0.06946776504 0.06727473504 -0.06471171891 0.06179281227 -0.05853406804 0.05495340811 -0.05107052478 0.04690677247 -0.04248505027 0.03782967603 -0.03296625257 0.02792152692 -0.02272324322 0.01739999009
0.7972328595 -0.07437601281 0.07389793687 -0.07310341861 0.07199586029 -0.07058000465 0.06886191459 -0.06684894724 0.06454972244 -0.06197408581 0.05913306664 -0.05603883059 0.05270462767 -0.04914473544 0.04537439791 -0.04140976024 0.03726779962 -0.03296625257 0.02852353895
0.7966316015 -0.07441572145 0.07405647366 -0.07345901146 0.07262525667 -0.07155789121 0.07026034842 -0.06873680205 0.06699215284 -0.06503201273 0.06286268682 -0.06049115308 0.05792503994 -0.05517260171 0.05224269203 -0.04914473544 0.045888697 -0.04248505027 0.03894474363
0.7960535029 -0.07444976305 0.07419245214 -0.07376425917 0.07316617036 -0.07239956325 0.07146620351 -0.07036824088 0.06910820422 -0.06768899567 0.06611388399 -0.06438649703 0.06251081336 -0.06049115308 0.05833216795 -0.05603883059 0.05361642308 -0.05107052478 0.04840699946
0.7956072094 -0.074478135 0.07430583087 -0.07401895254 0.07361794234 -0.07310341861 0.07247617471 -0.0717371778 0.07088756736 -0.06992865343 0.06886191459 -0.06768899567 0.06641170522 -0.06503201273 0.06355204559 -0.06197408581 0.06030056648 -0.05853406804 0.05667731432
0.7952987268 -0.07450083516 0.07439657533 -0.07422291701 0.0739800222 -0.07366811746 0.07328749375 -0.07283850613 0.07232157341 -0.0717371778 0.07108586444 -0.07036824088 0.06958497654 -0.06873680205 0.06782450862 -0.06684894724 0.06581102794 -0.06471171891 0.06355204559
0.7955509493 -0.0745178618 0.07446465788 -0.07437601281 0.07425196879 -0.07409258486 0.07389793687 -0.07366811746 0.07340323602 -0.07310341861 0.07276880794 -0.07239956325 0.07199586029 -0.07155789121 0.07108586444 -0.07058000465 0.0700405526 -0.06946776504 0.06886191459
0.8004327434 -0.0745292136 0.07451005776 -0.074478135 0.0744334508 -0.07437601281 0.07430583087 -0.07422291701 0.07412728544 -0.07401895254 0.07389793687 -0.07376425917 0.07361794234 -0.07345901146 0.07328749375 -0.07310341861 0.07290681758 -0.07269772433 0.07247617471
0.8916060236 -0.07453488972 0.07453276116 -0.0745292136 0.07452424712 -0.0745178618 0.07451005776 -0.07450083516 0.07449019418 -0.074478135 0.07446465788 -0.07444976305 0.0744334508 -0.07441572145 0.07439657533 -0.07437601281 0.07435403428 -0.07433064015 0.07430583087
