0.20125 0 0 0
0.4025 0 0 0
0.60375 0 0 0
0.805 0 0 0
1.00625 0 0 0
1.2075 0 0 0
1.40875 0 0 0
1.61 0 0 0
1.81125 0 0 0
2.0125 0 0 0
2.21375 0 0 0
2.415 0 0 0
2.61625 0 0 0
2.8175 0 0 0
3.01875 0 0 0
3.22 0 0 0
3.42125 0 0 0
3.6225 0 0 0
3.82375 0 0 0
4.025 0 0 0
4.22625 0 0 0
4.4275 0 0 0
4.62875 0 0 0
4.83 0 0 0
5.03125 0 0 0
5.2325 0 0 0
5.43375 0 0 0
5.635 0 0 0
5.83625 0 0 0
6.0375 0 0 0
6.23875 0 0 0
6.44 0 0 0
6.64125 0 0 0
6.8425 0 0 0
7.04375 0 0 0
7.245 0 0 0
7.44625 0 0 0
7.6475 0 0 0
7.84875 0 0 0
8.05 0 0 0
8.25125 0 0 0
8.4525 0 0 0
8.65375 0 0 0
8.855 0 0 0
9.05625 0 0 0
9.2575 0 0 0
9.45875 0 0 0
9.66 0 0 0
9.86125 0 0 0
10.0625 0 0 0
10.26375 0 0 0
10.465 0 0 0
10.66625 0 0 0
10.8675 0 0 0
11.06875 0 0 0
11.27 0 0 0
11.47125 0 0 0
11.6725 0 0 0
11.87375 0 0 0
12.075 0 0 0
12.27625 0 0 0
12.4775 0 0 0
12.67875 0 0 0
12.88 0 0 0
13.08125 0 0 0
13.2825 0 0 0
13.48375 0 0 0
13.685 0 0 0
13.88625 0 0 0
14.0875 0 0 0
14.28875 0 0 0
14.49 0 0 0
14.69125 0 0 0
14.8925 0 0 0
15.09375 0 0 0
15.295 0 0 0
15.49625 0 0 0
15.6975 0 0 0
15.89875 0 0 0
16.1 0 0 0
16.30125 0 0 0
16.5025 0 0 0
16.70375 0 0 0
16.905 0 0 0
17.10625 0 0 0
17.3075 0 0 0
17.50875 0 0 0
17.71 0 0 0
17.91125 0 0 0
18.1125 0 0 0
18.31375 0 0 0
18.515 0 0 0
18.71625 0 0 0
18.9175 0 0 0
19.11875 0 0 0
19.32 0 0 0
19.52125 0 0 0
19.7225 0 0 0
19.92375 0 0 0
20.125 0 0 0
20.32625 0 0 0
20.5275 0 0 0
20.72875 0 0 0
20.93 0 0 0
21.13125 0 0 0
21.3325 0 0 0
21.53375 0 0 0
21.735 0 0 0
21.93625 0 0 0
22.1375 0 0 0
22.33875 0 0 0
22.54 0 0 0
22.74125 0 0 0
22.9425 0 0 0
23.14375 0 0 0
23.345 0 0 0
23.54625 0 0 0
23.7475 0 0 0
23.94875 0 0 0
24.15 0 0 0
24.35125 0 0 0
24.5525 0 0 0
24.75375 0 0 0
24.955 0 0 0
25.15625 0 0 0
25.3575 0 0 0
25.55875 0 0 0
25.76 0 0 0
25.96125 0 0 0
26.1625 0 0 0
26.36375 0 0 0
26.565 0 0 0
26.76625 0 0 0
26.9675 0 0 0
27.16875 0 0 0
27.37 0 0 0
27.57125 0 0 0
27.7725 0 0 0
27.97375 0 0 0
28.175 0 0 0
28.37625 0 0 0
28.5775 0 0 0
28.77875 0 0 0
28.98 0 0 0
29.18125 0 0 0
29.3825 0 0 0
29.58375 0 0 0
29.785 0 0 0
29.98625 0 0 0
30.1875 0 0 0
30.38875 0 0 0
30.59 0 0 0
30.79125 0 0 0
30.9925 0 0 0
31.19375 0 0 0
31.395 0 0 0
31.59625 0 0 0
31.7975 0 0 0
31.99875 0 0 0
32.2 0 0 0
32.40125 1 1 1
32.6025 1 1 1
32.80375 1 1 1
33.005 1 1 1
33.20625 1 1 1
33.4075 1 1 1
33.60875 1 1 1
33.81 1 1 1
34.01125 1 1 1
34.2125 1 1 1
34.41375 1 1 1
34.615 1 1 1
34.81625 1 1 1
35.0175 1 1 1
35.21875 1 1 1
35.42 1 1 1
35.62125 1 1 1
35.8225 1 1 1
36.02375 1 1 1
36.225 1 1 1
36.42625 1 1 1
36.6275 1 1 1
36.82875 1 1 1
37.03 1 1 1
37.23125 1 1 1
37.4325 1 1 1
37.63375 1 1 1
37.835 1 1 1
38.03625 1 1 1
38.2375 1 1 1
38.43875 1 1 1
38.64 1 1 1
38.84125 1 1 1
39.0425 1 1 1
39.24375 1 1 1
39.445 1 1 1
39.64625 1 1 1
39.8475 1 1 1
40.04875 1 1 1
40.25 1 1 1
40.45125 1 1 1
40.6525 1 1 1
40.85375 1 1 1
41.055 1 1 1
41.25625 1 1 1
41.4575 1 1 1
41.65875 1 1 1
41.86 1 1 1
42.06125 1 1 1
42.2625 1 1 1
42.46375 1 1 1
42.665 1 1 1
42.86625 1 1 1
43.0675 1 1 1
43.26875 1 1 1
43.47 1 1 1
43.67125 1 1 1
43.8725 1 1 1
44.07375 1 1 1
44.275 1 1 1
44.47625 1 1 1
44.6775 1 1 1
44.87875 1 1 1
45.08 1 1 1
45.28125 1 1 1
45.4825 1 1 1
45.68375 1 1 1
45.885 1 1 1
46.08625 1 1 1
46.2875 1 1 1
46.48875 1 1 1
46.69 1 1 1
46.89125 1 1 1
47.0925 1 1 1
47.29375 1 1 1
47.495 1 1 1
47.69625 1 1 1
47.8975 1 1 1
48.09875 1 1 1
48.3 1 1 1
48.50125 1 1 1
48.7025 1 1 1
48.90375 1 1 1
49.105 1 1 1
49.30625 1 1 1
49.5075 1 1 1
49.70875 1 1 1
49.91 1 1 1
50.11125 1 1 1
50.3125 1 1 1
50.51375 1 1 1
50.715 1 1 1
50.91625 1 1 1
51.1175 1 1 1
51.31875 1 1 1
51.52 1 1 1
51.72125 1 1 1
51.9225 1 1 1
52.12375 1 1 1
52.325 1 1 1
52.52625 1 1 1
52.7275 1 1 1
52.92875 1 1 1
53.13 1 1 1
53.33125 1 1 1
53.5325 1 1 1
53.73375 1 1 1
53.935 1 1 1
54.13625 1 1 1
54.3375 1 1 1
54.53875 1 1 1
54.74 1 1 1
54.94125 1 1 1
55.1425 1 1 1
55.34375 1 1 1
55.545 1 1 1
55.74625 1 1 1
55.9475 1 1 1
56.14875 1 1 1
56.35 1 1 1
56.55125 1 1 1
56.7525 1 1 1
56.95375 1 1 1
57.155 1 1 1
57.35625 1 1 1
57.5575 1 1 1
57.75875 1 1 1
57.96 1 1 1
58.16125 1 1 1
58.3625 1 1 1
58.56375 1 1 1
58.765 1 1 1
58.96625 1 1 1
59.1675 1 1 1
59.36875 1 1 1
59.57 1 1 1
59.77125 1 1 1
59.9725 1 1 1
60.17375 1 1 1
60.375 1 1 1
60.57625 1 1 1
60.7775 1 1 1
60.97875 1 1 1
61.18 1 1 1
61.38125 1 1 1
61.5825 1 1 1
61.78375 1 1 1
61.985 1 1 1
62.18625 1 1 1
62.3875 1 1 1
62.58875 1 1 1
62.79 1 1 1
62.99125 1 1 1
63.1925 1 1 1
63.39375 1 1 1
63.595 1 1 1
63.79625 1 1 1
63.9975 1 1 1
64.19875 1 1 1
64.4 1 1 1
64.60125 1 1 1
64.8025 0 0 0
65.00375 0 0 0
65.205 0 0 0
65.40625 0 0 0
65.6075 0 0 0
65.80875 0 0 0
66.01 0 0 0
66.21125 0 0 0
66.4125 0 0 0
66.61375 0 0 0
66.815 0 0 0
67.01625 0 0 0
67.2175 0 0 0
67.41875 0 0 0
67.62 0 0 0
67.82125 0 0 0
68.0225 0 0 0
68.22375 0 0 0
68.425 0 0 0
68.62625 0 0 0
68.8275 0 0 0
69.02875 0 0 0
69.23 0 0 0
69.43125 0 0 0
69.6325 0 0 0
69.83375 0 0 0
70.035 0 0 0
70.23625 0 0 0
70.4375 0 0 0
70.63875 0 0 0
70.84 0 0 0
71.04125 0 0 0
71.2425 0 0 0
71.44375 0 0 0
71.645 0 0 0
71.84625 0 0 0
72.0475 0 0 0
72.24875 0 0 0
72.45 0 0 0
72.65125 0 0 0
72.8525 0 0 0
73.05375 0 0 0
73.255 0 0 0
73.45625 0 0 0
73.6575 0 0 0
73.85875 0 0 0
74.06 0 0 0
74.26125 0 0 0
74.4625 0 0 0
74.66375 0 0 0
74.865 0 0 0
75.06625 0 0 0
75.2675 0 0 0
75.46875 0 0 0
75.67 0 0 0
75.87125 0 0 0
76.0725 0 0 0
76.27375 0 0 0
76.475 0 0 0
76.67625 0 0 0
76.8775 0 0 0
77.07875 0 0 0
77.28 0 0 0
77.48125 0 0 0
77.6825 0 0 0
77.88375 0 0 0
78.085 0 0 0
78.28625 0 0 0
78.4875 0 0 0
78.68875 0 0 0
78.89 0 0 0
79.09125 0 0 0
79.2925 0 0 0
79.49375 0 0 0
79.695 0 0 0
79.89625 0 0 0
80.0975 0 0 0
80.29875 0 0 0
80.5 0 0 0
80.70125 0 0 0
80.9025 0 0 0
81.10375 0 0 0
81.305 0 0 0
81.50625 0 0 0
81.7075 0 0 0
81.90875 0 0 0
82.11 0 0 0
82.31125 0 0 0
82.5125 0 0 0
82.71375 0 0 0
82.915 0 0 0
83.11625 0 0 0
83.3175 0 0 0
83.51875 0 0 0
83.72 0 0 0
83.92125 0 0 0
84.1225 0 0 0
84.32375 0 0 0
84.525 0 0 0
84.72625 0 0 0
84.9275 0 0 0
85.12875 0 0 0
85.33 0 0 0
85.53125 0 0 0
85.7325 0 0 0
85.93375 0 0 0
86.135 0 0 0
86.33625 0 0 0
86.5375 0 0 0
86.73875 0 0 0
86.94 0 0 0
87.14125 0 0 0
87.3425 0 0 0
87.54375 0 0 0
87.745 0 0 0
87.94625 0 0 0
88.1475 0 0 0
88.34875 0 0 0
88.55 0 0 0
88.75125 0 0 0
88.9525 0 0 0
89.15375 0 0 0
89.355 0 0 0
89.55625 0 0 0
89.7575 0 0 0
89.95875 0 0 0
90.16 0 0 0
90.36125 0 0 0
90.5625 0 0 0
90.76375 0 0 0
90.965 0 0 0
91.16625 0 0 0
91.3675 0 0 0
91.56875 0 0 0
91.77 0 0 0
91.97125 0 0 0
92.1725 0 0 0
92.37375 0 0 0
92.575 0 0 0
92.77625 0 0 0
92.9775 0 0 0
93.17875 0 0 0
93.38 0 0 0
93.58125 0 0 0
93.7825 0 0 0
93.98375 0 0 0
94.185 0 0 0
94.38625 0 0 0
94.5875 0 0 0
94.78875 0 0 0
94.99 0 0 0
95.19125 0 0 0
95.3925 0 0 0
95.59375 0 0 0
95.795 0 0 0
95.99625 0 0 0
96.1975 0 0 0
96.39875 0 0 0
96.6 0 0 0
96.80125 1 1 0
97.0025 1 1 0
97.20375 1 1 0
97.405 1 1 0
97.60625 1 1 0
97.8075 1 1 0
98.00875 1 1 0
98.21 1 1 0
98.41125 1 1 0
98.6125 1 1 0
98.81375 1 1 0
99.015 1 1 0
99.21625 1 1 0
99.4175 1 1 0
99.61875 1 1 0
99.82 1 1 0
100.02125 1 1 0
100.2225 1 1 0
100.42375 1 1 0
100.625 1 1 0
100.82625 1 1 0
101.0275 1 1 0
101.22875 1 1 0
101.43 1 1 0
101.63125 1 1 0
101.8325 1 1 0
102.03375 1 1 0
102.235 1 1 0
102.43625 1 1 0
102.6375 1 1 0
102.83875 1 1 0
103.04 1 1 0
103.24125 1 1 0
103.4425 1 1 0
103.64375 1 1 0
103.845 1 1 0
104.04625 1 1 0
104.2475 1 1 0
104.44875 1 1 0
104.65 1 1 0
104.85125 1 1 0
105.0525 1 1 0
105.25375 1 1 0
105.455 1 1 0
105.65625 1 1 0
105.8575 1 1 0
106.05875 1 1 0
106.26 1 1 0
106.46125 1 1 0
106.6625 1 1 0
106.86375 1 1 0
107.065 1 1 0
107.26625 1 1 0
107.4675 1 1 0
107.66875 1 1 0
107.87 1 1 0
108.07125 1 1 0
108.2725 1 1 0
108.47375 1 1 0
108.675 1 1 0
108.87625 1 1 0
109.0775 1 1 0
109.27875 1 1 0
109.48 1 1 0
109.68125 1 1 0
109.8825 1 1 0
110.08375 1 1 0
110.285 1 1 0
110.48625 1 1 0
110.6875 1 1 0
110.88875 1 1 0
111.09 1 1 0
111.29125 1 1 0
111.4925 1 1 0
111.69375 1 1 0
111.895 1 1 0
112.09625 1 1 0
112.2975 1 1 0
112.49875 1 1 0
112.7 1 1 0
112.90125 1 1 0
113.1025 1 1 0
113.30375 1 1 0
113.505 1 1 0
113.70625 1 1 0
113.9075 1 1 0
114.10875 1 1 0
114.31 1 1 0
114.51125 1 1 0
114.7125 1 1 0
114.91375 1 1 0
115.115 1 1 0
115.31625 1 1 0
115.5175 1 1 0
115.71875 1 1 0
115.92 1 1 0
116.12125 1 1 0
116.3225 1 1 0
116.52375 1 1 0
116.725 1 1 0
116.92625 1 1 0
117.1275 1 1 0
117.32875 1 1 0
117.53 1 1 0
117.73125 1 1 0
117.9325 1 1 0
118.13375 1 1 0
118.335 1 1 0
118.53625 1 1 0
118.7375 1 1 0
118.93875 1 1 0
119.14 1 1 0
119.34125 1 1 0
119.5425 1 1 0
119.74375 1 1 0
119.945 1 1 0
120.14625 1 1 0
120.3475 1 1 0
120.54875 1 1 0
120.75 1 1 0
120.95125 1 1 0
121.1525 1 1 0
121.35375 1 1 0
121.555 1 1 0
121.75625 1 1 0
121.9575 1 1 0
122.15875 1 1 0
122.36 1 1 0
122.56125 1 1 0
122.7625 1 1 0
122.96375 1 1 0
123.165 1 1 0
123.36625 1 1 0
123.5675 1 1 0
123.76875 1 1 0
123.97 1 1 0
124.17125 1 1 0
124.3725 1 1 0
124.57375 1 1 0
124.775 1 1 0
124.97625 1 1 0
125.1775 1 1 0
125.37875 1 1 0
125.58 1 1 0
125.78125 1 1 0
125.9825 1 1 0
126.18375 1 1 0
126.385 1 1 0
126.58625 1 1 0
126.7875 1 1 0
126.98875 1 1 0
127.19 1 1 0
127.39125 1 1 0
127.5925 1 1 0
127.79375 1 1 0
127.995 1 1 0
128.19625 1 1 0
128.3975 1 1 0
128.59875 1 1 0
128.8 1 1 0
129.00125 1 1 0
129.2025 0 0 0
129.40375 0 0 0
129.605 0 0 0
129.80625 0 0 0
130.0075 0 0 0
130.20875 0 0 0
130.41 0 0 0
130.61125 0 0 0
130.8125 0 0 0
131.01375 0 0 0
131.215 0 0 0
131.41625 0 0 0
131.6175 0 0 0
131.81875 0 0 0
132.02 0 0 0
132.22125 0 0 0
132.4225 0 0 0
132.62375 0 0 0
132.825 0 0 0
133.02625 0 0 0
133.2275 0 0 0
133.42875 0 0 0
133.63 0 0 0
133.83125 0 0 0
134.0325 0 0 0
134.23375 0 0 0
134.435 0 0 0
134.63625 0 0 0
134.8375 0 0 0
135.03875 0 0 0
135.24 0 0 0
135.44125 0 0 0
135.6425 0 0 0
135.84375 0 0 0
136.045 0 0 0
136.24625 0 0 0
136.4475 0 0 0
136.64875 0 0 0
136.85 0 0 0
137.05125 0 0 0
137.2525 0 0 0
137.45375 0 0 0
137.655 0 0 0
137.85625 0 0 0
138.0575 0 0 0
138.25875 0 0 0
138.46 0 0 0
138.66125 0 0 0
138.8625 0 0 0
139.06375 0 0 0
139.265 0 0 0
139.46625 0 0 0
139.6675 0 0 0
139.86875 0 0 0
140.07 0 0 0
140.27125 0 0 0
140.4725 0 0 0
140.67375 0 0 0
140.875 0 0 0
141.07625 0 0 0
141.2775 0 0 0
141.47875 0 0 0
141.68 0 0 0
141.88125 0 0 0
142.0825 0 0 0
142.28375 0 0 0
142.485 0 0 0
142.68625 0 0 0
142.8875 0 0 0
143.08875 0 0 0
143.29 0 0 0
143.49125 0 0 0
143.6925 0 0 0
143.89375 0 0 0
144.095 0 0 0
144.29625 0 0 0
144.4975 0 0 0
144.69875 0 0 0
144.9 0 0 0
145.10125 0 0 0
145.3025 0 0 0
145.50375 0 0 0
145.705 0 0 0
145.90625 0 0 0
146.1075 0 0 0
146.30875 0 0 0
146.51 0 0 0
146.71125 0 0 0
146.9125 0 0 0
147.11375 0 0 0
147.315 0 0 0
147.51625 0 0 0
147.7175 0 0 0
147.91875 0 0 0
148.12 0 0 0
148.32125 0 0 0
148.5225 0 0 0
148.72375 0 0 0
148.925 0 0 0
149.12625 0 0 0
149.3275 0 0 0
149.52875 0 0 0
149.73 0 0 0
149.93125 0 0 0
150.1325 0 0 0
150.33375 0 0 0
150.535 0 0 0
150.73625 0 0 0
150.9375 0 0 0
151.13875 0 0 0
151.34 0 0 0
151.54125 0 0 0
151.7425 0 0 0
151.94375 0 0 0
152.145 0 0 0
152.34625 0 0 0
152.5475 0 0 0
152.74875 0 0 0
152.95 0 0 0
153.15125 0 0 0
153.3525 0 0 0
153.55375 0 0 0
153.755 0 0 0
153.95625 0 0 0
154.1575 0 0 0
154.35875 0 0 0
154.56 0 0 0
154.76125 0 0 0
154.9625 0 0 0
155.16375 0 0 0
155.365 0 0 0
155.56625 0 0 0
155.7675 0 0 0
155.96875 0 0 0
156.17 0 0 0
156.37125 0 0 0
156.5725 0 0 0
156.77375 0 0 0
156.975 0 0 0
157.17625 0 0 0
157.3775 0 0 0
157.57875 0 0 0
157.78 0 0 0
157.98125 0 0 0
158.1825 0 0 0
158.38375 0 0 0
158.585 0 0 0
158.78625 0 0 0
158.9875 0 0 0
159.18875 0 0 0
159.39 0 0 0
159.59125 0 0 0
159.7925 0 0 0
159.99375 0 0 0
160.195 0 0 0
160.39625 0 0 0
160.5975 0 0 0
160.79875 0 0 0
161 0 0 0
161.20125 1 1 1
161.4025 1 1 1
161.60375 1 1 1
161.805 1 1 1
162.00625 1 1 1
162.2075 1 1 1
162.40875 1 1 1
162.61 1 1 1
162.81125 1 1 1
163.0125 1 1 1
163.21375 1 1 1
163.415 1 1 1
163.61625 1 1 1
163.8175 1 1 1
164.01875 1 1 1
164.22 1 1 1
164.42125 1 1 1
164.6225 1 1 1
164.82375 1 1 1
165.025 1 1 1
165.22625 1 1 1
165.4275 1 1 1
165.62875 1 1 1
165.83 1 1 1
166.03125 1 1 1
166.2325 1 1 1
166.43375 1 1 1
166.635 1 1 1
166.83625 1 1 1
167.0375 1 1 1
167.23875 1 1 1
167.44 1 1 1
167.64125 1 1 1
167.8425 1 1 1
168.04375 1 1 1
168.245 1 1 1
168.44625 1 1 1
168.6475 1 1 1
168.84875 1 1 1
169.05 1 1 1
169.25125 1 1 1
169.4525 1 1 1
169.65375 1 1 1
169.855 1 1 1
170.05625 1 1 1
170.2575 1 1 1
170.45875 1 1 1
170.66 1 1 1
170.86125 1 1 1
171.0625 1 1 1
171.26375 1 1 1
171.465 1 1 1
171.66625 1 1 1
171.8675 1 1 1
172.06875 1 1 1
172.27 1 1 1
172.47125 1 1 1
172.6725 1 1 1
172.87375 1 1 1
173.075 1 1 1
173.27625 1 1 1
173.4775 1 1 1
173.67875 1 1 1
173.88 1 1 1
174.08125 1 1 1
174.2825 1 1 1
174.48375 1 1 1
174.685 1 1 1
174.88625 1 1 1
175.0875 1 1 1
175.28875 1 1 1
175.49 1 1 1
175.69125 1 1 1
175.8925 1 1 1
176.09375 1 1 1
176.295 1 1 1
176.49625 1 1 1
176.6975 1 1 1
176.89875 1 1 1
177.1 1 1 1
177.30125 1 1 1
177.5025 1 1 1
177.70375 1 1 1
177.905 1 1 1
178.10625 1 1 1
178.3075 1 1 1
178.50875 1 1 1
178.71 1 1 1
178.91125 1 1 1
179.1125 1 1 1
179.31375 1 1 1
179.515 1 1 1
179.71625 1 1 1
179.9175 1 1 1
180.11875 1 1 1
180.32 1 1 1
180.52125 1 1 1
180.7225 1 1 1
180.92375 1 1 1
181.125 1 1 1
181.32625 1 1 1
181.5275 1 1 1
181.72875 1 1 1
181.93 1 1 1
182.13125 1 1 1
182.3325 1 1 1
182.53375 1 1 1
182.735 1 1 1
182.93625 1 1 1
183.1375 1 1 1
183.33875 1 1 1
183.54 1 1 1
183.74125 1 1 1
183.9425 1 1 1
184.14375 1 1 1
184.345 1 1 1
184.54625 1 1 1
184.7475 1 1 1
184.94875 1 1 1
185.15 1 1 1
185.35125 1 1 1
185.5525 1 1 1
185.75375 1 1 1
185.955 1 1 1
186.15625 1 1 1
186.3575 1 1 1
186.55875 1 1 1
186.76 1 1 1
186.96125 1 1 1
187.1625 1 1 1
187.36375 1 1 1
187.565 1 1 1
187.76625 1 1 1
187.9675 1 1 1
188.16875 1 1 1
188.37 1 1 1
188.57125 1 1 1
188.7725 1 1 1
188.97375 1 1 1
189.175 1 1 1
189.37625 1 1 1
189.5775 1 1 1
189.77875 1 1 1
189.98 1 1 1
190.18125 1 1 1
190.3825 1 1 1
190.58375 1 1 1
190.785 1 1 1
190.98625 1 1 1
191.1875 1 1 1
191.38875 1 1 1
191.59 1 1 1
191.79125 1 1 1
191.9925 1 1 1
192.19375 1 1 1
192.395 1 1 1
192.59625 1 1 1
192.7975 1 1 1
192.99875 1 1 1
193.2 1 1 1
193.40125 1 1 1
193.6025 0 0 0
193.80375 0 0 0
194.005 0 0 0
194.20625 0 0 0
194.4075 0 0 0
194.60875 0 0 0
194.81 0 0 0
195.01125 0 0 0
195.2125 0 0 0
195.41375 0 0 0
195.615 0 0 0
195.81625 0 0 0
196.0175 0 0 0
196.21875 0 0 0
196.42 0 0 0
196.62125 0 0 0
196.8225 0 0 0
197.02375 0 0 0
197.225 0 0 0
197.42625 0 0 0
197.6275 0 0 0
197.82875 0 0 0
198.03 0 0 0
198.23125 0 0 0
198.4325 0 0 0
198.63375 0 0 0
198.835 0 0 0
199.03625 0 0 0
199.2375 0 0 0
199.43875 0 0 0
199.64 0 0 0
199.84125 0 0 0
200.0425 0 0 0
200.24375 0 0 0
200.445 0 0 0
200.64625 0 0 0
200.8475 0 0 0
201.04875 0 0 0
201.25 0 0 0
201.45125 0 0 0
201.6525 0 0 0
201.85375 0 0 0
202.055 0 0 0
202.25625 0 0 0
202.4575 0 0 0
202.65875 0 0 0
202.86 0 0 0
203.06125 0 0 0
203.2625 0 0 0
203.46375 0 0 0
203.665 0 0 0
203.86625 0 0 0
204.0675 0 0 0
204.26875 0 0 0
204.47 0 0 0
204.67125 0 0 0
204.8725 0 0 0
205.07375 0 0 0
205.275 0 0 0
205.47625 0 0 0
205.6775 0 0 0
205.87875 0 0 0
206.08 0 0 0
206.28125 0 0 0
206.4825 0 0 0
206.68375 0 0 0
206.885 0 0 0
207.08625 0 0 0
207.2875 0 0 0
207.48875 0 0 0
207.69 0 0 0
207.89125 0 0 0
208.0925 0 0 0
208.29375 0 0 0
208.495 0 0 0
208.69625 0 0 0
208.8975 0 0 0
209.09875 0 0 0
209.3 0 0 0
209.50125 0 0 0
209.7025 0 0 0
209.90375 0 0 0
210.105 0 0 0
210.30625 0 0 0
210.5075 0 0 0
210.70875 0 0 0
210.91 0 0 0
211.11125 0 0 0
211.3125 0 0 0
211.51375 0 0 0
211.715 0 0 0
211.91625 0 0 0
212.1175 0 0 0
212.31875 0 0 0
212.52 0 0 0
212.72125 0 0 0
212.9225 0 0 0
213.12375 0 0 0
213.325 0 0 0
213.52625 0 0 0
213.7275 0 0 0
213.92875 0 0 0
214.13 0 0 0
214.33125 0 0 0
214.5325 0 0 0
214.73375 0 0 0
214.935 0 0 0
215.13625 0 0 0
215.3375 0 0 0
215.53875 0 0 0
215.74 0 0 0
215.94125 0 0 0
216.1425 0 0 0
216.34375 0 0 0
216.545 0 0 0
216.74625 0 0 0
216.9475 0 0 0
217.14875 0 0 0
217.35 0 0 0
217.55125 0 0 0
217.7525 0 0 0
217.95375 0 0 0
218.155 0 0 0
218.35625 0 0 0
218.5575 0 0 0
218.75875 0 0 0
218.96 0 0 0
219.16125 0 0 0
219.3625 0 0 0
219.56375 0 0 0
219.765 0 0 0
219.96625 0 0 0
220.1675 0 0 0
220.36875 0 0 0
220.57 0 0 0
220.77125 0 0 0
220.9725 0 0 0
221.17375 0 0 0
221.375 0 0 0
221.57625 0 0 0
221.7775 0 0 0
221.97875 0 0 0
222.18 0 0 0
222.38125 0 0 0
222.5825 0 0 0
222.78375 0 0 0
222.985 0 0 0
223.18625 0 0 0
223.3875 0 0 0
223.58875 0 0 0
223.79 0 0 0
223.99125 0 0 0
224.1925 0 0 0
224.39375 0 0 0
224.595 0 0 0
224.79625 0 0 0
224.9975 0 0 0
225.19875 0 0 0
225.4 0 0 0
225.60125 1 1 0
225.8025 1 1 0
226.00375 1 1 0
226.205 1 1 0
226.40625 1 1 0
226.6075 1 1 0
226.80875 1 1 0
227.01 1 1 0
227.21125 1 1 0
227.4125 1 1 0
227.61375 1 1 0
227.815 1 1 0
228.01625 1 1 0
228.2175 1 1 0
228.41875 1 1 0
228.62 1 1 0
228.82125 1 1 0
229.0225 1 1 0
229.22375 1 1 0
229.425 1 1 0
229.62625 1 1 0
229.8275 1 1 0
230.02875 1 1 0
230.23 1 1 0
230.43125 1 1 0
230.6325 1 1 0
230.83375 1 1 0
231.035 1 1 0
231.23625 1 1 0
231.4375 1 1 0
231.63875 1 1 0
231.84 1 1 0
232.04125 1 1 0
232.2425 1 1 0
232.44375 1 1 0
232.645 1 1 0
232.84625 1 1 0
233.0475 1 1 0
233.24875 1 1 0
233.45 1 1 0
233.65125 1 1 0
233.8525 1 1 0
234.05375 1 1 0
234.255 1 1 0
234.45625 1 1 0
234.6575 1 1 0
234.85875 1 1 0
235.06 1 1 0
235.26125 1 1 0
235.4625 1 1 0
235.66375 1 1 0
235.865 1 1 0
236.06625 1 1 0
236.2675 1 1 0
236.46875 1 1 0
236.67 1 1 0
236.87125 1 1 0
237.0725 1 1 0
237.27375 1 1 0
237.475 1 1 0
237.67625 1 1 0
237.8775 1 1 0
238.07875 1 1 0
238.28 1 1 0
238.48125 1 1 0
238.6825 1 1 0
238.88375 1 1 0
239.085 1 1 0
239.28625 1 1 0
239.4875 1 1 0
239.68875 1 1 0
239.89 1 1 0
240.09125 1 1 0
240.2925 1 1 0
240.49375 1 1 0
240.695 1 1 0
240.89625 1 1 0
241.0975 1 1 0
241.29875 1 1 0
241.5 1 1 0
241.70125 1 1 0
241.9025 1 1 0
242.10375 1 1 0
242.305 1 1 0
242.50625 1 1 0
242.7075 1 1 0
242.90875 1 1 0
243.11 1 1 0
243.31125 1 1 0
243.5125 1 1 0
243.71375 1 1 0
243.915 1 1 0
244.11625 1 1 0
244.3175 1 1 0
244.51875 1 1 0
244.72 1 1 0
244.92125 1 1 0
245.1225 1 1 0
245.32375 1 1 0
245.525 1 1 0
245.72625 1 1 0
245.9275 1 1 0
246.12875 1 1 0
246.33 1 1 0
246.53125 1 1 0
246.7325 1 1 0
246.93375 1 1 0
247.135 1 1 0
247.33625 1 1 0
247.5375 1 1 0
247.73875 1 1 0
247.94 1 1 0
248.14125 1 1 0
248.3425 1 1 0
248.54375 1 1 0
248.745 1 1 0
248.94625 1 1 0
249.1475 1 1 0
249.34875 1 1 0
249.55 1 1 0
249.75125 1 1 0
249.9525 1 1 0
250.15375 1 1 0
250.355 1 1 0
250.55625 1 1 0
250.7575 1 1 0
250.95875 1 1 0
251.16 1 1 0
251.36125 1 1 0
251.5625 1 1 0
251.76375 1 1 0
251.965 1 1 0
252.16625 1 1 0
252.3675 1 1 0
252.56875 1 1 0
252.77 1 1 0
252.97125 1 1 0
253.1725 1 1 0
253.37375 1 1 0
253.575 1 1 0
253.77625 1 1 0
253.9775 1 1 0
254.17875 1 1 0
254.38 1 1 0
254.58125 1 1 0
254.7825 1 1 0
254.98375 1 1 0
255.185 1 1 0
255.38625 1 1 0
255.5875 1 1 0
255.78875 1 1 0
255.99 1 1 0
256.19125 1 1 0
256.3925 1 1 0
256.59375 1 1 0
256.795 1 1 0
256.99625 1 1 0
257.1975 1 1 0
257.39875 1 1 0
257.6 1 1 0
257.80125 2 1 0
258.0025 1 0 0
258.20375 1 0 0
258.405 1 0 0
258.60625 1 0 0
258.8075 1 0 0
259.00875 1 0 0
259.21 1 0 0
259.41125 1 0 0
259.6125 1 0 0
259.81375 1 0 0
260.015 1 0 0
260.21625 1 0 0
260.4175 1 0 0
260.61875 1 0 0
260.82 1 0 0
261.02125 1 0 0
261.2225 1 0 0
261.42375 1 0 0
261.625 1 0 0
261.82625 1 0 0
262.0275 1 0 0
262.22875 1 0 0
262.43 1 0 0
262.63125 1 0 0
262.8325 1 0 0
263.03375 1 0 0
263.235 1 0 0
263.43625 1 0 0
263.6375 1 0 0
263.83875 1 0 0
264.04 1 0 0
264.24125 1 0 0
264.4425 1 0 0
264.64375 1 0 0
264.845 1 0 0
265.04625 1 0 0
265.2475 1 0 0
265.44875 1 0 0
265.65 1 0 0
265.85125 1 0 0
266.0525 1 0 0
266.25375 1 0 0
266.455 1 0 0
266.65625 1 0 0
266.8575 1 0 0
267.05875 1 0 0
267.26 1 0 0
267.46125 1 0 0
267.6625 1 0 0
267.86375 1 0 0
268.065 1 0 0
268.26625 1 0 0
268.4675 1 0 0
268.66875 1 0 0
268.87 1 0 0
269.07125 1 0 0
269.2725 1 0 0
269.47375 1 0 0
269.675 1 0 0
269.87625 1 0 0
270.0775 1 0 0
270.27875 1 0 0
270.48 1 0 0
270.68125 1 0 0
270.8825 1 0 0
271.08375 1 0 0
271.285 1 0 0
271.48625 1 0 0
271.6875 1 0 0
271.88875 1 0 0
272.09 1 0 0
272.29125 1 0 0
272.4925 1 0 0
272.69375 1 0 0
272.895 1 0 0
273.09625 1 0 0
273.2975 1 0 0
273.49875 1 0 0
273.7 1 0 0
273.90125 1 0 0
274.1025 1 0 0
274.30375 1 0 0
274.505 1 0 0
274.70625 1 0 0
274.9075 1 0 0
275.10875 1 0 0
275.31 1 0 0
275.51125 1 0 0
275.7125 1 0 0
275.91375 1 0 0
276.115 1 0 0
276.31625 1 0 0
276.5175 1 0 0
276.71875 1 0 0
276.92 1 0 0
277.12125 1 0 0
277.3225 1 0 0
277.52375 1 0 0
277.725 1 0 0
277.92625 1 0 0
278.1275 1 0 0
278.32875 1 0 0
278.53 1 0 0
278.73125 1 0 0
278.9325 1 0 0
279.13375 1 0 0
279.335 1 0 0
279.53625 1 0 0
279.7375 1 0 0
279.93875 1 0 0
280.14 1 0 0
280.34125 1 0 0
280.5425 1 0 0
280.74375 1 0 0
280.945 1 0 0
281.14625 1 0 0
281.3475 1 0 0
281.54875 1 0 0
281.75 1 0 0
281.95125 1 0 0
282.1525 1 0 0
282.35375 1 0 0
282.555 1 0 0
282.75625 1 0 0
282.9575 1 0 0
283.15875 1 0 0
283.36 1 0 0
283.56125 1 0 0
283.7625 1 0 0
283.96375 1 0 0
284.165 1 0 0
284.36625 1 0 0
284.5675 1 0 0
284.76875 1 0 0
284.97 1 0 0
285.17125 1 0 0
285.3725 1 0 0
285.57375 1 0 0
285.775 1 0 0
285.97625 1 0 0
286.1775 1 0 0
286.37875 1 0 0
286.58 1 0 0
286.78125 1 0 0
286.9825 1 0 0
287.18375 1 0 0
287.385 1 0 0
287.58625 1 0 0
287.7875 1 0 0
287.98875 1 0 0
288.19 1 0 0
288.39125 1 0 0
288.5925 1 0 0
288.79375 1 0 0
288.995 1 0 0
289.19625 1 0 0
289.3975 1 0 0
289.59875 1 0 0
289.8 1 0 0
290.00125 1 0 0
290.2025 0 0 0
290.40375 0 0 0
290.605 0 0 0
290.80625 0 0 0
291.0075 0 0 0
291.20875 0 0 0
291.41 0 0 0
291.61125 0 0 0
291.8125 0 0 0
292.01375 0 0 0
292.215 0 0 0
292.41625 0 0 0
292.6175 0 0 0
292.81875 0 0 0
293.02 0 0 0
293.22125 0 0 0
293.4225 0 0 0
293.62375 0 0 0
293.825 0 0 0
294.02625 0 0 0
294.2275 0 0 0
294.42875 0 0 0
294.63 0 0 0
294.83125 0 0 0
295.0325 0 0 0
295.23375 0 0 0
295.435 0 0 0
295.63625 0 0 0
295.8375 0 0 0
296.03875 0 0 0
296.24 0 0 0
296.44125 0 0 0
296.6425 0 0 0
296.84375 0 0 0
297.045 0 0 0
297.24625 0 0 0
297.4475 0 0 0
297.64875 0 0 0
297.85 0 0 0
298.05125 0 0 0
298.2525 0 0 0
298.45375 0 0 0
298.655 0 0 0
298.85625 0 0 0
299.0575 0 0 0
299.25875 0 0 0
299.46 0 0 0
299.66125 0 0 0
299.8625 0 0 0
300.06375 0 0 0
300.265 0 0 0
300.46625 0 0 0
300.6675 0 0 0
300.86875 0 0 0
301.07 0 0 0
301.27125 0 0 0
301.4725 0 0 0
301.67375 0 0 0
301.875 0 0 0
302.07625 0 0 0
302.2775 0 0 0
302.47875 0 0 0
302.68 0 0 0
302.88125 0 0 0
303.0825 0 0 0
303.28375 0 0 0
303.485 0 0 0
303.68625 0 0 0
303.8875 0 0 0
304.08875 0 0 0
304.29 0 0 0
304.49125 0 0 0
304.6925 0 0 0
304.89375 0 0 0
305.095 0 0 0
305.29625 0 0 0
305.4975 0 0 0
305.69875 0 0 0
305.9 0 0 0
306.10125 0 0 0
306.3025 0 0 0
306.50375 0 0 0
306.705 0 0 0
306.90625 0 0 0
307.1075 0 0 0
307.30875 0 0 0
307.51 0 0 0
307.71125 0 0 0
307.9125 0 0 0
308.11375 0 0 0
308.315 0 0 0
308.51625 0 0 0
308.7175 0 0 0
308.91875 0 0 0
309.12 0 0 0
309.32125 0 0 0
309.5225 0 0 0
309.72375 0 0 0
309.925 0 0 0
310.12625 0 0 0
310.3275 0 0 0
310.52875 0 0 0
310.73 0 0 0
310.93125 0 0 0
311.1325 0 0 0
311.33375 0 0 0
311.535 0 0 0
311.73625 0 0 0
311.9375 0 0 0
312.13875 0 0 0
312.34 0 0 0
312.54125 0 0 0
312.7425 0 0 0
312.94375 0 0 0
313.145 0 0 0
313.34625 0 0 0
313.5475 0 0 0
313.74875 0 0 0
313.95 0 0 0
314.15125 0 0 0
314.3525 0 0 0
314.55375 0 0 0
314.755 0 0 0
314.95625 0 0 0
315.1575 0 0 0
315.35875 0 0 0
315.56 0 0 0
315.76125 0 0 0
315.9625 0 0 0
316.16375 0 0 0
316.365 0 0 0
316.56625 0 0 0
316.7675 0 0 0
316.96875 0 0 0
317.17 0 0 0
317.37125 0 0 0
317.5725 0 0 0
317.77375 0 0 0
317.975 0 0 0
318.17625 0 0 0
318.3775 0 0 0
318.57875 0 0 0
318.78 0 0 0
318.98125 0 0 0
319.1825 0 0 0
319.38375 0 0 0
319.585 0 0 0
319.78625 0 0 0
319.9875 0 0 0
320.18875 0 0 0
320.39 0 0 0
320.59125 0 0 0
320.7925 0 0 0
320.99375 0 0 0
321.195 0 0 0
321.39625 0 0 0
321.5975 0 0 0
321.79875 0 0 0
322 0 0 0
322.20125 1 1 1
322.4025 1 1 1
322.60375 1 1 1
322.805 1 1 1
323.00625 1 1 1
323.2075 1 1 1
323.40875 1 1 1
323.61 1 1 1
323.81125 1 1 1
324.0125 1 1 1
324.21375 1 1 1
324.415 1 1 1
324.61625 1 1 1
324.8175 1 1 1
325.01875 1 1 1
325.22 1 1 1
325.42125 1 1 1
325.6225 1 1 1
325.82375 1 1 1
326.025 1 1 1
326.22625 1 1 1
326.4275 1 1 1
326.62875 1 1 1
326.83 1 1 1
327.03125 1 1 1
327.2325 1 1 1
327.43375 1 1 1
327.635 1 1 1
327.83625 1 1 1
328.0375 1 1 1
328.23875 1 1 1
328.44 1 1 1
328.64125 1 1 1
328.8425 1 1 1
329.04375 1 1 1
329.245 1 1 1
329.44625 1 1 1
329.6475 1 1 1
329.84875 1 1 1
330.05 1 1 1
330.25125 1 1 1
330.4525 1 1 1
330.65375 1 1 1
330.855 1 1 1
331.05625 1 1 1
331.2575 1 1 1
331.45875 1 1 1
331.66 1 1 1
331.86125 1 1 1
332.0625 1 1 1
332.26375 1 1 1
332.465 1 1 1
332.66625 1 1 1
332.8675 1 1 1
333.06875 1 1 1
333.27 1 1 1
333.47125 1 1 1
333.6725 1 1 1
333.87375 1 1 1
334.075 1 1 1
334.27625 1 1 1
334.4775 1 1 1
334.67875 1 1 1
334.88 1 1 1
335.08125 1 1 1
335.2825 1 1 1
335.48375 1 1 1
335.685 1 1 1
335.88625 1 1 1
336.0875 1 1 1
336.28875 1 1 1
336.49 1 1 1
336.69125 1 1 1
336.8925 1 1 1
337.09375 1 1 1
337.295 1 1 1
337.49625 1 1 1
337.6975 1 1 1
337.89875 1 1 1
338.1 1 1 1
338.30125 1 1 1
338.5025 1 1 1
338.70375 1 1 1
338.905 1 1 1
339.10625 1 1 1
339.3075 1 1 1
339.50875 1 1 1
339.71 1 1 1
339.91125 1 1 1
340.1125 1 1 1
340.31375 1 1 1
340.515 1 1 1
340.71625 1 1 1
340.9175 1 1 1
341.11875 1 1 1
341.32 1 1 1
341.52125 1 1 1
341.7225 1 1 1
341.92375 1 1 1
342.125 1 1 1
342.32625 1 1 1
342.5275 1 1 1
342.72875 1 1 1
342.93 1 1 1
343.13125 1 1 1
343.3325 1 1 1
343.53375 1 1 1
343.735 1 1 1
343.93625 1 1 1
344.1375 1 1 1
344.33875 1 1 1
344.54 1 1 1
344.74125 1 1 1
344.9425 1 1 1
345.14375 1 1 1
345.345 1 1 1
345.54625 1 1 1
345.7475 1 1 1
345.94875 1 1 1
346.15 1 1 1
346.35125 1 1 1
346.5525 1 1 1
346.75375 1 1 1
346.955 1 1 1
347.15625 1 1 1
347.3575 1 1 1
347.55875 1 1 1
347.76 1 1 1
347.96125 1 1 1
348.1625 1 1 1
348.36375 1 1 1
348.565 1 1 1
348.76625 1 1 1
348.9675 1 1 1
349.16875 1 1 1
349.37 1 1 1
349.57125 1 1 1
349.7725 1 1 1
349.97375 1 1 1
350.175 1 1 1
350.37625 1 1 1
350.5775 1 1 1
350.77875 1 1 1
350.98 1 1 1
351.18125 1 1 1
351.3825 1 1 1
351.58375 1 1 1
351.785 1 1 1
351.98625 1 1 1
352.1875 1 1 1
352.38875 1 1 1
352.59 1 1 1
352.79125 1 1 1
352.9925 1 1 1
353.19375 1 1 1
353.395 1 1 1
353.59625 1 1 1
353.7975 1 1 1
353.99875 1 1 1
354.2 1 1 1
354.40125 1 1 1
354.6025 0 0 0
354.80375 0 0 0
355.005 0 0 0
355.20625 0 0 0
355.4075 0 0 0
355.60875 0 0 0
355.81 0 0 0
356.01125 0 0 0
356.2125 0 0 0
356.41375 0 0 0
356.615 0 0 0
356.81625 0 0 0
357.0175 0 0 0
357.21875 0 0 0
357.42 0 0 0
357.62125 0 0 0
357.8225 0 0 0
358.02375 0 0 0
358.225 0 0 0
358.42625 0 0 0
358.6275 0 0 0
358.82875 0 0 0
359.03 0 0 0
359.23125 0 0 0
359.4325 0 0 0
359.63375 0 0 0
359.835 0 0 0
360.03625 0 0 0
360.2375 0 0 0
360.43875 0 0 0
360.64 0 0 0
360.84125 0 0 0
361.0425 0 0 0
361.24375 0 0 0
361.445 0 0 0
361.64625 0 0 0
361.8475 0 0 0
362.04875 0 0 0
362.25 0 0 0
362.45125 0 0 0
362.6525 0 0 0
362.85375 0 0 0
363.055 0 0 0
363.25625 0 0 0
363.4575 0 0 0
363.65875 0 0 0
363.86 0 0 0
364.06125 0 0 0
364.2625 0 0 0
364.46375 0 0 0
364.665 0 0 0
364.86625 0 0 0
365.0675 0 0 0
365.26875 0 0 0
365.47 0 0 0
365.67125 0 0 0
365.8725 0 0 0
366.07375 0 0 0
366.275 0 0 0
366.47625 0 0 0
366.6775 0 0 0
366.87875 0 0 0
367.08 0 0 0
367.28125 0 0 0
367.4825 0 0 0
367.68375 0 0 0
367.885 0 0 0
368.08625 0 0 0
368.2875 0 0 0
368.48875 0 0 0
368.69 0 0 0
368.89125 0 0 0
369.0925 0 0 0
369.29375 0 0 0
369.495 0 0 0
369.69625 0 0 0
369.8975 0 0 0
370.09875 0 0 0
370.3 0 0 0
370.50125 0 0 0
370.7025 0 0 0
370.90375 0 0 0
371.105 0 0 0
371.30625 0 0 0
371.5075 0 0 0
371.70875 0 0 0
371.91 0 0 0
372.11125 0 0 0
372.3125 0 0 0
372.51375 0 0 0
372.715 0 0 0
372.91625 0 0 0
373.1175 0 0 0
373.31875 0 0 0
373.52 0 0 0
373.72125 0 0 0
373.9225 0 0 0
374.12375 0 0 0
374.325 0 0 0
374.52625 0 0 0
374.7275 0 0 0
374.92875 0 0 0
375.13 0 0 0
375.33125 0 0 0
375.5325 0 0 0
375.73375 0 0 0
375.935 0 0 0
376.13625 0 0 0
376.3375 0 0 0
376.53875 0 0 0
376.74 0 0 0
376.94125 0 0 0
377.1425 0 0 0
377.34375 0 0 0
377.545 0 0 0
377.74625 0 0 0
377.9475 0 0 0
378.14875 0 0 0
378.35 0 0 0
378.55125 0 0 0
378.7525 0 0 0
378.95375 0 0 0
379.155 0 0 0
379.35625 0 0 0
379.5575 0 0 0
379.75875 0 0 0
379.96 0 0 0
380.16125 0 0 0
380.3625 0 0 0
380.56375 0 0 0
380.765 0 0 0
380.96625 0 0 0
381.1675 0 0 0
381.36875 0 0 0
381.57 0 0 0
381.77125 0 0 0
381.9725 0 0 0
382.17375 0 0 0
382.375 0 0 0
382.57625 0 0 0
382.7775 0 0 0
382.97875 0 0 0
383.18 0 0 0
383.38125 0 0 0
383.5825 0 0 0
383.78375 0 0 0
383.985 0 0 0
384.18625 0 0 0
384.3875 0 0 0
384.58875 0 0 0
384.79 0 0 0
384.99125 0 0 0
385.1925 0 0 0
385.39375 0 0 0
385.595 0 0 0
385.79625 0 0 0
385.9975 0 0 0
386.19875 0 0 0
386.4 0 0 0
386.60125 1 1 0
386.8025 1 1 0
387.00375 1 1 0
387.205 1 1 0
387.40625 1 1 0
387.6075 1 1 0
387.80875 1 1 0
388.01 1 1 0
388.21125 1 1 0
388.4125 1 1 0
388.61375 1 1 0
388.815 1 1 0
389.01625 1 1 0
389.2175 1 1 0
389.41875 1 1 0
389.62 1 1 0
389.82125 1 1 0
390.0225 1 1 0
390.22375 1 1 0
390.425 1 1 0
390.62625 1 1 0
390.8275 1 1 0
391.02875 1 1 0
391.23 1 1 0
391.43125 1 1 0
391.6325 1 1 0
391.83375 1 1 0
392.035 1 1 0
392.23625 1 1 0
392.4375 1 1 0
392.63875 1 1 0
392.84 1 1 0
393.04125 1 1 0
393.2425 1 1 0
393.44375 1 1 0
393.645 1 1 0
393.84625 1 1 0
394.0475 1 1 0
394.24875 1 1 0
394.45 1 1 0
394.65125 1 1 0
394.8525 1 1 0
395.05375 1 1 0
395.255 1 1 0
395.45625 1 1 0
395.6575 1 1 0
395.85875 1 1 0
396.06 1 1 0
396.26125 1 1 0
396.4625 1 1 0
396.66375 1 1 0
396.865 1 1 0
397.06625 1 1 0
397.2675 1 1 0
397.46875 1 1 0
397.67 1 1 0
397.87125 1 1 0
398.0725 1 1 0
398.27375 1 1 0
398.475 1 1 0
398.67625 1 1 0
398.8775 1 1 0
399.07875 1 1 0
399.28 1 1 0
399.48125 1 1 0
399.6825 1 1 0
399.88375 1 1 0
400.085 1 1 0
400.28625 1 1 0
400.4875 1 1 0
400.68875 1 1 0
400.89 1 1 0
401.09125 1 1 0
401.2925 1 1 0
401.49375 1 1 0
401.695 1 1 0
401.89625 1 1 0
402.0975 1 1 0
402.29875 1 1 0
402.5 1 1 0
402.70125 1 1 0
402.9025 1 1 0
403.10375 1 1 0
403.305 1 1 0
403.50625 1 1 0
403.7075 1 1 0
403.90875 1 1 0
404.11 1 1 0
404.31125 1 1 0
404.5125 1 1 0
404.71375 1 1 0
404.915 1 1 0
405.11625 1 1 0
405.3175 1 1 0
405.51875 1 1 0
405.72 1 1 0
405.92125 1 1 0
406.1225 1 1 0
406.32375 1 1 0
406.525 1 1 0
406.72625 1 1 0
406.9275 1 1 0
407.12875 1 1 0
407.33 1 1 0
407.53125 1 1 0
407.7325 1 1 0
407.93375 1 1 0
408.135 1 1 0
408.33625 1 1 0
408.5375 1 1 0
408.73875 1 1 0
408.94 1 1 0
409.14125 1 1 0
409.3425 1 1 0
409.54375 1 1 0
409.745 1 1 0
409.94625 1 1 0
410.1475 1 1 0
410.34875 1 1 0
410.55 1 1 0
410.75125 1 1 0
410.9525 1 1 0
411.15375 1 1 0
411.355 1 1 0
411.55625 1 1 0
411.7575 1 1 0
411.95875 1 1 0
412.16 1 1 0
412.36125 1 1 0
412.5625 1 1 0
412.76375 1 1 0
412.965 1 1 0
413.16625 1 1 0
413.3675 1 1 0
413.56875 1 1 0
413.77 1 1 0
413.97125 1 1 0
414.1725 1 1 0
414.37375 1 1 0
414.575 1 1 0
414.77625 1 1 0
414.9775 1 1 0
415.17875 1 1 0
415.38 1 1 0
415.58125 1 1 0
415.7825 1 1 0
415.98375 1 1 0
416.185 1 1 0
416.38625 1 1 0
416.5875 1 1 0
416.78875 1 1 0
416.99 1 1 0
417.19125 1 1 0
417.3925 1 1 0
417.59375 1 1 0
417.795 1 1 0
417.99625 1 1 0
418.1975 1 1 0
418.39875 1 1 0
418.6 1 1 0
418.80125 1 1 0
419.0025 0 0 0
419.20375 0 0 0
419.405 0 0 0
419.60625 0 0 0
419.8075 0 0 0
420.00875 0 0 0
420.21 0 0 0
420.41125 0 0 0
420.6125 0 0 0
420.81375 0 0 0
421.015 0 0 0
421.21625 0 0 0
421.4175 0 0 0
421.61875 0 0 0
421.82 0 0 0
422.02125 0 0 0
422.2225 0 0 0
422.42375 0 0 0
422.625 0 0 0
422.82625 0 0 0
423.0275 0 0 0
423.22875 0 0 0
423.43 0 0 0
423.63125 0 0 0
423.8325 0 0 0
424.03375 0 0 0
424.235 0 0 0
424.43625 0 0 0
424.6375 0 0 0
424.83875 0 0 0
425.04 0 0 0
425.24125 0 0 0
425.4425 0 0 0
425.64375 0 0 0
425.845 0 0 0
426.04625 0 0 0
426.2475 0 0 0
426.44875 0 0 0
426.65 0 0 0
426.85125 0 0 0
427.0525 0 0 0
427.25375 0 0 0
427.455 0 0 0
427.65625 0 0 0
427.8575 0 0 0
428.05875 0 0 0
428.26 0 0 0
428.46125 0 0 0
428.6625 0 0 0
428.86375 0 0 0
429.065 0 0 0
429.26625 0 0 0
429.4675 0 0 0
429.66875 0 0 0
429.87 0 0 0
430.07125 0 0 0
430.2725 0 0 0
430.47375 0 0 0
430.675 0 0 0
430.87625 0 0 0
431.0775 0 0 0
431.27875 0 0 0
431.48 0 0 0
431.68125 0 0 0
431.8825 0 0 0
432.08375 0 0 0
432.285 0 0 0
432.48625 0 0 0
432.6875 0 0 0
432.88875 0 0 0
433.09 0 0 0
433.29125 0 0 0
433.4925 0 0 0
433.69375 0 0 0
433.895 0 0 0
434.09625 0 0 0
434.2975 0 0 0
434.49875 0 0 0
434.7 0 0 0
434.90125 0 0 0
435.1025 0 0 0
435.30375 0 0 0
435.505 0 0 0
435.70625 0 0 0
435.9075 0 0 0
436.10875 0 0 0
436.31 0 0 0
436.51125 0 0 0
436.7125 0 0 0
436.91375 0 0 0
437.115 0 0 0
437.31625 0 0 0
437.5175 0 0 0
437.71875 0 0 0
437.92 0 0 0
438.12125 0 0 0
438.3225 0 0 0
438.52375 0 0 0
438.725 0 0 0
438.92625 0 0 0
439.1275 0 0 0
439.32875 0 0 0
439.53 0 0 0
439.73125 0 0 0
439.9325 0 0 0
440.13375 0 0 0
440.335 0 0 0
440.53625 0 0 0
440.7375 0 0 0
440.93875 0 0 0
441.14 0 0 0
441.34125 0 0 0
441.5425 0 0 0
441.74375 0 0 0
441.945 0 0 0
442.14625 0 0 0
442.3475 0 0 0
442.54875 0 0 0
442.75 0 0 0
442.95125 0 0 0
443.1525 0 0 0
443.35375 0 0 0
443.555 0 0 0
443.75625 0 0 0
443.9575 0 0 0
444.15875 0 0 0
444.36 0 0 0
444.56125 0 0 0
444.7625 0 0 0
444.96375 0 0 0
445.165 0 0 0
445.36625 0 0 0
445.5675 0 0 0
445.76875 0 0 0
445.97 0 0 0
446.17125 0 0 0
446.3725 0 0 0
446.57375 0 0 0
446.775 0 0 0
446.97625 0 0 0
447.1775 0 0 0
447.37875 0 0 0
447.58 0 0 0
447.78125 0 0 0
447.9825 0 0 0
448.18375 0 0 0
448.385 0 0 0
448.58625 0 0 0
448.7875 0 0 0
448.98875 0 0 0
449.19 0 0 0
449.39125 0 0 0
449.5925 0 0 0
449.79375 0 0 0
449.995 0 0 0
450.19625 0 0 0
450.3975 0 0 0
450.59875 0 0 0
450.8 0 0 0
451.00125 1 1 1
451.2025 1 1 1
451.40375 1 1 1
451.605 1 1 1
451.80625 1 1 1
452.0075 1 1 1
452.20875 1 1 1
452.41 1 1 1
452.61125 1 1 1
452.8125 1 1 1
453.01375 1 1 1
453.215 1 1 1
453.41625 1 1 1
453.6175 1 1 1
453.81875 1 1 1
454.02 1 1 1
454.22125 1 1 1
454.4225 1 1 1
454.62375 1 1 1
454.825 1 1 1
455.02625 1 1 1
455.2275 1 1 1
455.42875 1 1 1
455.63 1 1 1
455.83125 1 1 1
456.0325 1 1 1
456.23375 1 1 1
456.435 1 1 1
456.63625 1 1 1
456.8375 1 1 1
457.03875 1 1 1
457.24 1 1 1
457.44125 1 1 1
457.6425 1 1 1
457.84375 1 1 1
458.045 1 1 1
458.24625 1 1 1
458.4475 1 1 1
458.64875 1 1 1
458.85 1 1 1
459.05125 1 1 1
459.2525 1 1 1
459.45375 1 1 1
459.655 1 1 1
459.85625 1 1 1
460.0575 1 1 1
460.25875 1 1 1
460.46 1 1 1
460.66125 1 1 1
460.8625 1 1 1
461.06375 1 1 1
461.265 1 1 1
461.46625 1 1 1
461.6675 1 1 1
461.86875 1 1 1
462.07 1 1 1
462.27125 1 1 1
462.4725 1 1 1
462.67375 1 1 1
462.875 1 1 1
463.07625 1 1 1
463.2775 1 1 1
463.47875 1 1 1
463.68 1 1 1
463.88125 1 1 1
464.0825 1 1 1
464.28375 1 1 1
464.485 1 1 1
464.68625 1 1 1
464.8875 1 1 1
465.08875 1 1 1
465.29 1 1 1
465.49125 1 1 1
465.6925 1 1 1
465.89375 1 1 1
466.095 1 1 1
466.29625 1 1 1
466.4975 1 1 1
466.69875 1 1 1
466.9 1 1 1
467.10125 1 1 1
467.3025 1 1 1
467.50375 1 1 1
467.705 1 1 1
467.90625 1 1 1
468.1075 1 1 1
468.30875 1 1 1
468.51 1 1 1
468.71125 1 1 1
468.9125 1 1 1
469.11375 1 1 1
469.315 1 1 1
469.51625 1 1 1
469.7175 1 1 1
469.91875 1 1 1
470.12 1 1 1
470.32125 1 1 1
470.5225 1 1 1
470.72375 1 1 1
470.925 1 1 1
471.12625 1 1 1
471.3275 1 1 1
471.52875 1 1 1
471.73 1 1 1
471.93125 1 1 1
472.1325 1 1 1
472.33375 1 1 1
472.535 1 1 1
472.73625 1 1 1
472.9375 1 1 1
473.13875 1 1 1
473.34 1 1 1
473.54125 1 1 1
473.7425 1 1 1
473.94375 1 1 1
474.145 1 1 1
474.34625 1 1 1
474.5475 1 1 1
474.74875 1 1 1
474.95 1 1 1
475.15125 1 1 1
475.3525 1 1 1
475.55375 1 1 1
475.755 1 1 1
475.95625 1 1 1
476.1575 1 1 1
476.35875 1 1 1
476.56 1 1 1
476.76125 1 1 1
476.9625 1 1 1
477.16375 1 1 1
477.365 1 1 1
477.56625 1 1 1
477.7675 1 1 1
477.96875 1 1 1
478.17 1 1 1
478.37125 1 1 1
478.5725 1 1 1
478.77375 1 1 1
478.975 1 1 1
479.17625 1 1 1
479.3775 1 1 1
479.57875 1 1 1
479.78 1 1 1
479.98125 1 1 1
480.1825 1 1 1
480.38375 1 1 1
480.585 1 1 1
480.78625 1 1 1
480.9875 1 1 1
481.18875 1 1 1
481.39 1 1 1
481.59125 1 1 1
481.7925 1 1 1
481.99375 1 1 1
482.195 1 1 1
482.39625 1 1 1
482.5975 1 1 1
482.79875 1 1 1
483 1 1 1
483.20125 1 1 1
483.4025 0 0 0
483.60375 0 0 0
483.805 0 0 0
484.00625 0 0 0
484.2075 0 0 0
484.40875 0 0 0
484.61 0 0 0
484.81125 0 0 0
485.0125 0 0 0
485.21375 0 0 0
485.415 0 0 0
485.61625 0 0 0
485.8175 0 0 0
486.01875 0 0 0
486.22 0 0 0
486.42125 0 0 0
486.6225 0 0 0
486.82375 0 0 0
487.025 0 0 0
487.22625 0 0 0
487.4275 0 0 0
487.62875 0 0 0
487.83 0 0 0
488.03125 0 0 0
488.2325 0 0 0
488.43375 0 0 0
488.635 0 0 0
488.83625 0 0 0
489.0375 0 0 0
489.23875 0 0 0
489.44 0 0 0
489.64125 0 0 0
489.8425 0 0 0
490.04375 0 0 0
490.245 0 0 0
490.44625 0 0 0
490.6475 0 0 0
490.84875 0 0 0
491.05 0 0 0
491.25125 0 0 0
491.4525 0 0 0
491.65375 0 0 0
491.855 0 0 0
492.05625 0 0 0
492.2575 0 0 0
492.45875 0 0 0
492.66 0 0 0
492.86125 0 0 0
493.0625 0 0 0
493.26375 0 0 0
493.465 0 0 0
493.66625 0 0 0
493.8675 0 0 0
494.06875 0 0 0
494.27 0 0 0
494.47125 0 0 0
494.6725 0 0 0
494.87375 0 0 0
495.075 0 0 0
495.27625 0 0 0
495.4775 0 0 0
495.67875 0 0 0
495.88 0 0 0
496.08125 0 0 0
496.2825 0 0 0
496.48375 0 0 0
496.685 0 0 0
496.88625 0 0 0
497.0875 0 0 0
497.28875 0 0 0
497.49 0 0 0
497.69125 0 0 0
497.8925 0 0 0
498.09375 0 0 0
498.295 0 0 0
498.49625 0 0 0
498.6975 0 0 0
498.89875 0 0 0
499.1 0 0 0
499.30125 0 0 0
499.5025 0 0 0
499.70375 0 0 0
499.905 0 0 0
500.10625 0 0 0
500.3075 0 0 0
500.50875 0 0 0
500.71 0 0 0
500.91125 0 0 0
501.1125 0 0 0
501.31375 0 0 0
501.515 0 0 0
501.71625 0 0 0
501.9175 0 0 0
502.11875 0 0 0
502.32 0 0 0
502.52125 0 0 0
502.7225 0 0 0
502.92375 0 0 0
503.125 0 0 0
503.32625 0 0 0
503.5275 0 0 0
503.72875 0 0 0
503.93 0 0 0
504.13125 0 0 0
504.3325 0 0 0
504.53375 0 0 0
504.735 0 0 0
504.93625 0 0 0
505.1375 0 0 0
505.33875 0 0 0
505.54 0 0 0
505.74125 0 0 0
505.9425 0 0 0
506.14375 0 0 0
506.345 0 0 0
506.54625 0 0 0
506.7475 0 0 0
506.94875 0 0 0
507.15 0 0 0
507.35125 0 0 0
507.5525 0 0 0
507.75375 0 0 0
507.955 0 0 0
508.15625 0 0 0
508.3575 0 0 0
508.55875 0 0 0
508.76 0 0 0
508.96125 0 0 0
509.1625 0 0 0
509.36375 0 0 0
509.565 0 0 0
509.76625 0 0 0
509.9675 0 0 0
510.16875 0 0 0
510.37 0 0 0
510.57125 0 0 0
510.7725 0 0 0
510.97375 0 0 0
511.175 0 0 0
511.37625 0 0 0
511.5775 0 0 0
511.77875 0 0 0
511.98 0 0 0
512.18125 0 0 0
512.3825 0 0 0
512.58375 0 0 0
512.785 0 0 0
512.98625 0 0 0
513.1875 0 0 0
513.38875 0 0 0
513.59 0 0 0
513.79125 0 0 0
513.9925 0 0 0
514.19375 0 0 0
514.395 0 0 0
514.59625 0 0 0
514.7975 0 0 0
514.99875 0 0 0
515.2 0 0 0
515.40125 1 1 0
515.6025 1 1 0
515.80375 1 1 0
516.005 1 1 0
516.20625 1 1 0
516.4075 1 1 0
516.60875 1 1 0
516.81 1 1 0
517.01125 1 1 0
517.2125 1 1 0
517.41375 1 1 0
517.615 1 1 0
517.81625 1 1 0
518.0175 1 1 0
518.21875 1 1 0
518.42 1 1 0
518.62125 1 1 0
518.8225 1 1 0
519.02375 1 1 0
519.225 1 1 0
519.42625 1 1 0
519.6275 1 1 0
519.82875 1 1 0
520.03 1 1 0
520.23125 1 1 0
520.4325 1 1 0
520.63375 1 1 0
520.835 1 1 0
521.03625 1 1 0
521.2375 1 1 0
521.43875 1 1 0
521.64 1 1 0
521.84125 1 1 0
522.0425 1 1 0
522.24375 1 1 0
522.445 1 1 0
522.64625 1 1 0
522.8475 1 1 0
523.04875 1 1 0
523.25 1 1 0
523.45125 1 1 0
523.6525 1 1 0
523.85375 1 1 0
524.055 1 1 0
524.25625 1 1 0
524.4575 1 1 0
524.65875 1 1 0
524.86 1 1 0
525.06125 1 1 0
525.2625 1 1 0
525.46375 1 1 0
525.665 1 1 0
525.86625 1 1 0
526.0675 1 1 0
526.26875 1 1 0
526.47 1 1 0
526.67125 1 1 0
526.8725 1 1 0
527.07375 1 1 0
527.275 1 1 0
527.47625 1 1 0
527.6775 1 1 0
527.87875 1 1 0
528.08 1 1 0
528.28125 1 1 0
528.4825 1 1 0
528.68375 1 1 0
528.885 1 1 0
529.08625 1 1 0
529.2875 1 1 0
529.48875 1 1 0
529.69 1 1 0
529.89125 1 1 0
530.0925 1 1 0
530.29375 1 1 0
530.495 1 1 0
530.69625 1 1 0
530.8975 1 1 0
531.09875 1 1 0
531.3 1 1 0
531.50125 1 1 0
531.7025 1 1 0
531.90375 1 1 0
532.105 1 1 0
532.30625 1 1 0
532.5075 1 1 0
532.70875 1 1 0
532.91 1 1 0
533.11125 1 1 0
533.3125 1 1 0
533.51375 1 1 0
533.715 1 1 0
533.91625 1 1 0
534.1175 1 1 0
534.31875 1 1 0
534.52 1 1 0
534.72125 1 1 0
534.9225 1 1 0
535.12375 1 1 0
535.325 1 1 0
535.52625 1 1 0
535.7275 1 1 0
535.92875 1 1 0
536.13 1 1 0
536.33125 1 1 0
536.5325 1 1 0
536.73375 1 1 0
536.935 1 1 0
537.13625 1 1 0
537.3375 1 1 0
537.53875 1 1 0
537.74 1 1 0
537.94125 1 1 0
538.1425 1 1 0
538.34375 1 1 0
538.545 1 1 0
538.74625 1 1 0
538.9475 1 1 0
539.14875 1 1 0
539.35 1 1 0
539.55125 1 1 0
539.7525 1 1 0
539.95375 1 1 0
540.155 1 1 0
540.35625 1 1 0
540.5575 1 1 0
540.75875 1 1 0
540.96 1 1 0
541.16125 1 1 0
541.3625 1 1 0
541.56375 1 1 0
541.765 1 1 0
541.96625 1 1 0
542.1675 1 1 0
542.36875 1 1 0
542.57 1 1 0
542.77125 1 1 0
542.9725 1 1 0
543.17375 1 1 0
543.375 1 1 0
543.57625 1 1 0
543.7775 1 1 0
543.97875 1 1 0
544.18 1 1 0
544.38125 1 1 0
544.5825 1 1 0
544.78375 1 1 0
544.985 1 1 0
545.18625 1 1 0
545.3875 1 1 0
545.58875 1 1 0
545.79 1 1 0
545.99125 1 1 0
546.1925 1 1 0
546.39375 1 1 0
546.595 1 1 0
546.79625 1 1 0
546.9975 1 1 0
547.19875 1 1 0
547.4 1 1 0
547.60125 2 1 0
547.8025 1 0 0
548.00375 1 0 0
548.205 1 0 0
548.40625 1 0 0
548.6075 1 0 0
548.80875 1 0 0
549.01 1 0 0
549.21125 1 0 0
549.4125 1 0 0
549.61375 1 0 0
549.815 1 0 0
550.01625 1 0 0
550.2175 1 0 0
550.41875 1 0 0
550.62 1 0 0
550.82125 1 0 0
551.0225 1 0 0
551.22375 1 0 0
551.425 1 0 0
551.62625 1 0 0
551.8275 1 0 0
552.02875 1 0 0
552.23 1 0 0
552.43125 1 0 0
552.6325 1 0 0
552.83375 1 0 0
553.035 1 0 0
553.23625 1 0 0
553.4375 1 0 0
553.63875 1 0 0
553.84 1 0 0
554.04125 1 0 0
554.2425 1 0 0
554.44375 1 0 0
554.645 1 0 0
554.84625 1 0 0
555.0475 1 0 0
555.24875 1 0 0
555.45 1 0 0
555.65125 1 0 0
555.8525 1 0 0
556.05375 1 0 0
556.255 1 0 0
556.45625 1 0 0
556.6575 1 0 0
556.85875 1 0 0
557.06 1 0 0
557.26125 1 0 0
557.4625 1 0 0
557.66375 1 0 0
557.865 1 0 0
558.06625 1 0 0
558.2675 1 0 0
558.46875 1 0 0
558.67 1 0 0
558.87125 1 0 0
559.0725 1 0 0
559.27375 1 0 0
559.475 1 0 0
559.67625 1 0 0
559.8775 1 0 0
560.07875 1 0 0
560.28 1 0 0
560.48125 1 0 0
560.6825 1 0 0
560.88375 1 0 0
561.085 1 0 0
561.28625 1 0 0
561.4875 1 0 0
561.68875 1 0 0
561.89 1 0 0
562.09125 1 0 0
562.2925 1 0 0
562.49375 1 0 0
562.695 1 0 0
562.89625 1 0 0
563.0975 1 0 0
563.29875 1 0 0
563.5 1 0 0
563.70125 1 0 0
563.9025 1 0 0
564.10375 1 0 0
564.305 1 0 0
564.50625 1 0 0
564.7075 1 0 0
564.90875 1 0 0
565.11 1 0 0
565.31125 1 0 0
565.5125 1 0 0
565.71375 1 0 0
565.915 1 0 0
566.11625 1 0 0
566.3175 1 0 0
566.51875 1 0 0
566.72 1 0 0
566.92125 1 0 0
567.1225 1 0 0
567.32375 1 0 0
567.525 1 0 0
567.72625 1 0 0
567.9275 1 0 0
568.12875 1 0 0
568.33 1 0 0
568.53125 1 0 0
568.7325 1 0 0
568.93375 1 0 0
569.135 1 0 0
569.33625 1 0 0
569.5375 1 0 0
569.73875 1 0 0
569.94 1 0 0
570.14125 1 0 0
570.3425 1 0 0
570.54375 1 0 0
570.745 1 0 0
570.94625 1 0 0
571.1475 1 0 0
571.34875 1 0 0
571.55 1 0 0
571.75125 1 0 0
571.9525 1 0 0
572.15375 1 0 0
572.355 1 0 0
572.55625 1 0 0
572.7575 1 0 0
572.95875 1 0 0
573.16 1 0 0
573.36125 1 0 0
573.5625 1 0 0
573.76375 1 0 0
573.965 1 0 0
574.16625 1 0 0
574.3675 1 0 0
574.56875 1 0 0
574.77 1 0 0
574.97125 1 0 0
575.1725 1 0 0
575.37375 1 0 0
575.575 1 0 0
575.77625 1 0 0
575.9775 1 0 0
576.17875 1 0 0
576.38 1 0 0
576.58125 1 0 0
576.7825 1 0 0
576.98375 1 0 0
577.185 1 0 0
577.38625 1 0 0
577.5875 1 0 0
577.78875 1 0 0
577.99 1 0 0
578.19125 1 0 0
578.3925 1 0 0
578.59375 1 0 0
578.795 1 0 0
578.99625 1 0 0
579.1975 1 0 0
579.39875 1 0 0
579.6 1 0 0
579.80125 1 0 0
580.0025 0 0 0
580.20375 0 0 0
580.405 0 0 0
580.60625 0 0 0
580.8075 0 0 0
581.00875 0 0 0
581.21 0 0 0
581.41125 0 0 0
581.6125 0 0 0
581.81375 0 0 0
582.015 0 0 0
582.21625 0 0 0
582.4175 0 0 0
582.61875 0 0 0
582.82 0 0 0
583.02125 0 0 0
583.2225 0 0 0
583.42375 0 0 0
583.625 0 0 0
583.82625 0 0 0
584.0275 0 0 0
584.22875 0 0 0
584.43 0 0 0
584.63125 0 0 0
584.8325 0 0 0
585.03375 0 0 0
585.235 0 0 0
585.43625 0 0 0
585.6375 0 0 0
585.83875 0 0 0
586.04 0 0 0
586.24125 0 0 0
586.4425 0 0 0
586.64375 0 0 0
586.845 0 0 0
587.04625 0 0 0
587.2475 0 0 0
587.44875 0 0 0
587.65 0 0 0
587.85125 0 0 0
588.0525 0 0 0
588.25375 0 0 0
588.455 0 0 0
588.65625 0 0 0
588.8575 0 0 0
589.05875 0 0 0
589.26 0 0 0
589.46125 0 0 0
589.6625 0 0 0
589.86375 0 0 0
590.065 0 0 0
590.26625 0 0 0
590.4675 0 0 0
590.66875 0 0 0
590.87 0 0 0
591.07125 0 0 0
591.2725 0 0 0
591.47375 0 0 0
591.675 0 0 0
591.87625 0 0 0
592.0775 0 0 0
592.27875 0 0 0
592.48 0 0 0
592.68125 0 0 0
592.8825 0 0 0
593.08375 0 0 0
593.285 0 0 0
593.48625 0 0 0
593.6875 0 0 0
593.88875 0 0 0
594.09 0 0 0
594.29125 0 0 0
594.4925 0 0 0
594.69375 0 0 0
594.895 0 0 0
595.09625 0 0 0
595.2975 0 0 0
595.49875 0 0 0
595.7 0 0 0
595.90125 0 0 0
596.1025 0 0 0
596.30375 0 0 0
596.505 0 0 0
596.70625 0 0 0
596.9075 0 0 0
597.10875 0 0 0
597.31 0 0 0
597.51125 0 0 0
597.7125 0 0 0
597.91375 0 0 0
598.115 0 0 0
598.31625 0 0 0
598.5175 0 0 0
598.71875 0 0 0
598.92 0 0 0
599.12125 0 0 0
599.3225 0 0 0
599.52375 0 0 0
599.725 0 0 0
599.92625 0 0 0
600.1275 0 0 0
600.32875 0 0 0
600.53 0 0 0
600.73125 0 0 0
600.9325 0 0 0
601.13375 0 0 0
601.335 0 0 0
601.53625 0 0 0
601.7375 0 0 0
601.93875 0 0 0
602.14 0 0 0
602.34125 0 0 0
602.5425 0 0 0
602.74375 0 0 0
602.945 0 0 0
603.14625 0 0 0
603.3475 0 0 0
603.54875 0 0 0
603.75 0 0 0
603.95125 0 0 0
604.1525 0 0 0
604.35375 0 0 0
604.555 0 0 0
604.75625 0 0 0
604.9575 0 0 0
605.15875 0 0 0
605.36 0 0 0
605.56125 0 0 0
605.7625 0 0 0
605.96375 0 0 0
606.165 0 0 0
606.36625 0 0 0
606.5675 0 0 0
606.76875 0 0 0
606.97 0 0 0
607.17125 0 0 0
607.3725 0 0 0
607.57375 0 0 0
607.775 0 0 0
607.97625 0 0 0
608.1775 0 0 0
608.37875 0 0 0
608.58 0 0 0
608.78125 0 0 0
608.9825 0 0 0
609.18375 0 0 0
609.385 0 0 0
609.58625 0 0 0
609.7875 0 0 0
609.98875 0 0 0
610.19 0 0 0
610.39125 0 0 0
610.5925 0 0 0
610.79375 0 0 0
610.995 0 0 0
611.19625 0 0 0
611.3975 0 0 0
611.59875 0 0 0
611.8 0 0 0
612.00125 1 1 0
612.2025 1 1 0
612.40375 1 1 0
612.605 1 1 0
612.80625 1 1 0
613.0075 1 1 0
613.20875 1 1 0
613.41 1 1 0
613.61125 1 1 0
613.8125 1 1 0
614.01375 1 1 0
614.215 1 1 0
614.41625 1 1 0
614.6175 1 1 0
614.81875 1 1 0
615.02 1 1 0
615.22125 1 1 0
615.4225 1 1 0
615.62375 1 1 0
615.825 1 1 0
616.02625 1 1 0
616.2275 1 1 0
616.42875 1 1 0
616.63 1 1 0
616.83125 1 1 0
617.0325 1 1 0
617.23375 1 1 0
617.435 1 1 0
617.63625 1 1 0
617.8375 1 1 0
618.03875 1 1 0
618.24 1 1 0
618.44125 1 1 0
618.6425 1 1 0
618.84375 1 1 0
619.045 1 1 0
619.24625 1 1 0
619.4475 1 1 0
619.64875 1 1 0
619.85 1 1 0
620.05125 1 1 0
620.2525 1 1 0
620.45375 1 1 0
620.655 1 1 0
620.85625 1 1 0
621.0575 1 1 0
621.25875 1 1 0
621.46 1 1 0
621.66125 1 1 0
621.8625 1 1 0
622.06375 1 1 0
622.265 1 1 0
622.46625 1 1 0
622.6675 1 1 0
622.86875 1 1 0
623.07 1 1 0
623.27125 1 1 0
623.4725 1 1 0
623.67375 1 1 0
623.875 1 1 0
624.07625 1 1 0
624.2775 1 1 0
624.47875 1 1 0
624.68 1 1 0
624.88125 1 1 0
625.0825 1 1 0
625.28375 1 1 0
625.485 1 1 0
625.68625 1 1 0
625.8875 1 1 0
626.08875 1 1 0
626.29 1 1 0
626.49125 1 1 0
626.6925 1 1 0
626.89375 1 1 0
627.095 1 1 0
627.29625 1 1 0
627.4975 1 1 0
627.69875 1 1 0
627.9 1 1 0
628.10125 1 1 0
628.3025 1 1 0
628.50375 1 1 0
628.705 1 1 0
628.90625 1 1 0
629.1075 1 1 0
629.30875 1 1 0
629.51 1 1 0
629.71125 1 1 0
629.9125 1 1 0
630.11375 1 1 0
630.315 1 1 0
630.51625 1 1 0
630.7175 1 1 0
630.91875 1 1 0
631.12 1 1 0
631.32125 1 1 0
631.5225 1 1 0
631.72375 1 1 0
631.925 1 1 0
632.12625 1 1 0
632.3275 1 1 0
632.52875 1 1 0
632.73 1 1 0
632.93125 1 1 0
633.1325 1 1 0
633.33375 1 1 0
633.535 1 1 0
633.73625 1 1 0
633.9375 1 1 0
634.13875 1 1 0
634.34 1 1 0
634.54125 1 1 0
634.7425 1 1 0
634.94375 1 1 0
635.145 1 1 0
635.34625 1 1 0
635.5475 1 1 0
635.74875 1 1 0
635.95 1 1 0
636.15125 1 1 0
636.3525 1 1 0
636.55375 1 1 0
636.755 1 1 0
636.95625 1 1 0
637.1575 1 1 0
637.35875 1 1 0
637.56 1 1 0
637.76125 1 1 0
637.9625 1 1 0
638.16375 1 1 0
638.365 1 1 0
638.56625 1 1 0
638.7675 1 1 0
638.96875 1 1 0
639.17 1 1 0
639.37125 1 1 0
639.5725 1 1 0
639.77375 1 1 0
639.975 1 1 0
640.17625 1 1 0
640.3775 1 1 0
640.57875 1 1 0
640.78 1 1 0
640.98125 1 1 0
641.1825 1 1 0
641.38375 1 1 0
641.585 1 1 0
641.78625 1 1 0
641.9875 1 1 0
642.18875 1 1 0
642.39 1 1 0
642.59125 1 1 0
642.7925 1 1 0
642.99375 1 1 0
643.195 1 1 0
643.39625 1 1 0
643.5975 1 1 0
643.79875 1 1 0
644 1 1 0
644.20125 1 1 0
644.4025 0 0 0
644.60375 0 0 0
644.805 0 0 0
645.00625 0 0 0
645.2075 0 0 0
645.40875 0 0 0
645.61 0 0 0
645.81125 0 0 0
646.0125 0 0 0
646.21375 0 0 0
646.415 0 0 0
646.61625 0 0 0
646.8175 0 0 0
647.01875 0 0 0
647.22 0 0 0
647.42125 0 0 0
647.6225 0 0 0
647.82375 0 0 0
648.025 0 0 0
648.22625 0 0 0
648.4275 0 0 0
648.62875 0 0 0
648.83 0 0 0
649.03125 0 0 0
649.2325 0 0 0
649.43375 0 0 0
649.635 0 0 0
649.83625 0 0 0
650.0375 0 0 0
650.23875 0 0 0
650.44 0 0 0
650.64125 0 0 0
650.8425 0 0 0
651.04375 0 0 0
651.245 0 0 0
651.44625 0 0 0
651.6475 0 0 0
651.84875 0 0 0
652.05 0 0 0
652.25125 0 0 0
652.4525 0 0 0
652.65375 0 0 0
652.855 0 0 0
653.05625 0 0 0
653.2575 0 0 0
653.45875 0 0 0
653.66 0 0 0
653.86125 0 0 0
654.0625 0 0 0
654.26375 0 0 0
654.465 0 0 0
654.66625 0 0 0
654.8675 0 0 0
655.06875 0 0 0
655.27 0 0 0
655.47125 0 0 0
655.6725 0 0 0
655.87375 0 0 0
656.075 0 0 0
656.27625 0 0 0
656.4775 0 0 0
656.67875 0 0 0
656.88 0 0 0
657.08125 0 0 0
657.2825 0 0 0
657.48375 0 0 0
657.685 0 0 0
657.88625 0 0 0
658.0875 0 0 0
658.28875 0 0 0
658.49 0 0 0
658.69125 0 0 0
658.8925 0 0 0
659.09375 0 0 0
659.295 0 0 0
659.49625 0 0 0
659.6975 0 0 0
659.89875 0 0 0
660.1 0 0 0
660.30125 0 0 0
660.5025 0 0 0
660.70375 0 0 0
660.905 0 0 0
661.10625 0 0 0
661.3075 0 0 0
661.50875 0 0 0
661.71 0 0 0
661.91125 0 0 0
662.1125 0 0 0
662.31375 0 0 0
662.515 0 0 0
662.71625 0 0 0
662.9175 0 0 0
663.11875 0 0 0
663.32 0 0 0
663.52125 0 0 0
663.7225 0 0 0
663.92375 0 0 0
664.125 0 0 0
664.32625 0 0 0
664.5275 0 0 0
664.72875 0 0 0
664.93 0 0 0
665.13125 0 0 0
665.3325 0 0 0
665.53375 0 0 0
665.735 0 0 0
665.93625 0 0 0
666.1375 0 0 0
666.33875 0 0 0
666.54 0 0 0
666.74125 0 0 0
666.9425 0 0 0
667.14375 0 0 0
667.345 0 0 0
667.54625 0 0 0
667.7475 0 0 0
667.94875 0 0 0
668.15 0 0 0
668.35125 0 0 0
668.5525 0 0 0
668.75375 0 0 0
668.955 0 0 0
669.15625 0 0 0
669.3575 0 0 0
669.55875 0 0 0
669.76 0 0 0
669.96125 0 0 0
670.1625 0 0 0
670.36375 0 0 0
670.565 0 0 0
670.76625 0 0 0
670.9675 0 0 0
671.16875 0 0 0
671.37 0 0 0
671.57125 0 0 0
671.7725 0 0 0
671.97375 0 0 0
672.175 0 0 0
672.37625 0 0 0
672.5775 0 0 0
672.77875 0 0 0
672.98 0 0 0
673.18125 0 0 0
673.3825 0 0 0
673.58375 0 0 0
673.785 0 0 0
673.98625 0 0 0
674.1875 0 0 0
674.38875 0 0 0
674.59 0 0 0
674.79125 0 0 0
674.9925 0 0 0
675.19375 0 0 0
675.395 0 0 0
675.59625 0 0 0
675.7975 0 0 0
675.99875 0 0 0
676.2 0 0 0
676.40125 1 1 1
676.6025 1 1 1
676.80375 1 1 1
677.005 1 1 1
677.20625 1 1 1
677.4075 1 1 1
677.60875 1 1 1
677.81 1 1 1
678.01125 1 1 1
678.2125 1 1 1
678.41375 1 1 1
678.615 1 1 1
678.81625 1 1 1
679.0175 1 1 1
679.21875 1 1 1
679.42 1 1 1
679.62125 1 1 1
679.8225 1 1 1
680.02375 1 1 1
680.225 1 1 1
680.42625 1 1 1
680.6275 1 1 1
680.82875 1 1 1
681.03 1 1 1
681.23125 1 1 1
681.4325 1 1 1
681.63375 1 1 1
681.835 1 1 1
682.03625 1 1 1
682.2375 1 1 1
682.43875 1 1 1
682.64 1 1 1
682.84125 1 1 1
683.0425 1 1 1
683.24375 1 1 1
683.445 1 1 1
683.64625 1 1 1
683.8475 1 1 1
684.04875 1 1 1
684.25 1 1 1
684.45125 1 1 1
684.6525 1 1 1
684.85375 1 1 1
685.055 1 1 1
685.25625 1 1 1
685.4575 1 1 1
685.65875 1 1 1
685.86 1 1 1
686.06125 1 1 1
686.2625 1 1 1
686.46375 1 1 1
686.665 1 1 1
686.86625 1 1 1
687.0675 1 1 1
687.26875 1 1 1
687.47 1 1 1
687.67125 1 1 1
687.8725 1 1 1
688.07375 1 1 1
688.275 1 1 1
688.47625 1 1 1
688.6775 1 1 1
688.87875 1 1 1
689.08 1 1 1
689.28125 1 1 1
689.4825 1 1 1
689.68375 1 1 1
689.885 1 1 1
690.08625 1 1 1
690.2875 1 1 1
690.48875 1 1 1
690.69 1 1 1
690.89125 1 1 1
691.0925 1 1 1
691.29375 1 1 1
691.495 1 1 1
691.69625 1 1 1
691.8975 1 1 1
692.09875 1 1 1
692.3 1 1 1
692.50125 1 1 1
692.7025 1 1 1
692.90375 1 1 1
693.105 1 1 1
693.30625 1 1 1
693.5075 1 1 1
693.70875 1 1 1
693.91 1 1 1
694.11125 1 1 1
694.3125 1 1 1
694.51375 1 1 1
694.715 1 1 1
694.91625 1 1 1
695.1175 1 1 1
695.31875 1 1 1
695.52 1 1 1
695.72125 1 1 1
695.9225 1 1 1
696.12375 1 1 1
696.325 1 1 1
696.52625 1 1 1
696.7275 1 1 1
696.92875 1 1 1
697.13 1 1 1
697.33125 1 1 1
697.5325 1 1 1
697.73375 1 1 1
697.935 1 1 1
698.13625 1 1 1
698.3375 1 1 1
698.53875 1 1 1
698.74 1 1 1
698.94125 1 1 1
699.1425 1 1 1
699.34375 1 1 1
699.545 1 1 1
699.74625 1 1 1
699.9475 1 1 1
700.14875 1 1 1
700.35 1 1 1
700.55125 1 1 1
700.7525 1 1 1
700.95375 1 1 1
701.155 1 1 1
701.35625 1 1 1
701.5575 1 1 1
701.75875 1 1 1
701.96 1 1 1
702.16125 1 1 1
702.3625 1 1 1
702.56375 1 1 1
702.765 1 1 1
702.96625 1 1 1
703.1675 1 1 1
703.36875 1 1 1
703.57 1 1 1
703.77125 1 1 1
703.9725 1 1 1
704.17375 1 1 1
704.375 1 1 1
704.57625 1 1 1
704.7775 1 1 1
704.97875 1 1 1
705.18 1 1 1
705.38125 1 1 1
705.5825 1 1 1
705.78375 1 1 1
705.985 1 1 1
706.18625 1 1 1
706.3875 1 1 1
706.58875 1 1 1
706.79 1 1 1
706.99125 1 1 1
707.1925 1 1 1
707.39375 1 1 1
707.595 1 1 1
707.79625 1 1 1
707.9975 1 1 1
708.19875 1 1 1
708.4 1 1 1
708.60125 1 1 1
708.8025 0 0 0
709.00375 0 0 0
709.205 0 0 0
709.40625 0 0 0
709.6075 0 0 0
709.80875 0 0 0
710.01 0 0 0
710.21125 0 0 0
710.4125 0 0 0
710.61375 0 0 0
710.815 0 0 0
711.01625 0 0 0
711.2175 0 0 0
711.41875 0 0 0
711.62 0 0 0
711.82125 0 0 0
712.0225 0 0 0
712.22375 0 0 0
712.425 0 0 0
712.62625 0 0 0
712.8275 0 0 0
713.02875 0 0 0
713.23 0 0 0
713.43125 0 0 0
713.6325 0 0 0
713.83375 0 0 0
714.035 0 0 0
714.23625 0 0 0
714.4375 0 0 0
714.63875 0 0 0
714.84 0 0 0
715.04125 0 0 0
715.2425 0 0 0
715.44375 0 0 0
715.645 0 0 0
715.84625 0 0 0
716.0475 0 0 0
716.24875 0 0 0
716.45 0 0 0
716.65125 0 0 0
716.8525 0 0 0
717.05375 0 0 0
717.255 0 0 0
717.45625 0 0 0
717.6575 0 0 0
717.85875 0 0 0
718.06 0 0 0
718.26125 0 0 0
718.4625 0 0 0
718.66375 0 0 0
718.865 0 0 0
719.06625 0 0 0
719.2675 0 0 0
719.46875 0 0 0
719.67 0 0 0
719.87125 0 0 0
720.0725 0 0 0
720.27375 0 0 0
720.475 0 0 0
720.67625 0 0 0
720.8775 0 0 0
721.07875 0 0 0
721.28 0 0 0
721.48125 0 0 0
721.6825 0 0 0
721.88375 0 0 0
722.085 0 0 0
722.28625 0 0 0
722.4875 0 0 0
722.68875 0 0 0
722.89 0 0 0
723.09125 0 0 0
723.2925 0 0 0
723.49375 0 0 0
723.695 0 0 0
723.89625 0 0 0
724.0975 0 0 0
724.29875 0 0 0
724.5 0 0 0
724.70125 0 0 0
724.9025 0 0 0
725.10375 0 0 0
725.305 0 0 0
725.50625 0 0 0
725.7075 0 0 0
725.90875 0 0 0
726.11 0 0 0
726.31125 0 0 0
726.5125 0 0 0
726.71375 0 0 0
726.915 0 0 0
727.11625 0 0 0
727.3175 0 0 0
727.51875 0 0 0
727.72 0 0 0
727.92125 0 0 0
728.1225 0 0 0
728.32375 0 0 0
728.525 0 0 0
728.72625 0 0 0
728.9275 0 0 0
729.12875 0 0 0
729.33 0 0 0
729.53125 0 0 0
729.7325 0 0 0
729.93375 0 0 0
730.135 0 0 0
730.33625 0 0 0
730.5375 0 0 0
730.73875 0 0 0
730.94 0 0 0
731.14125 0 0 0
731.3425 0 0 0
731.54375 0 0 0
731.745 0 0 0
731.94625 0 0 0
732.1475 0 0 0
732.34875 0 0 0
732.55 0 0 0
732.75125 0 0 0
732.9525 0 0 0
733.15375 0 0 0
733.355 0 0 0
733.55625 0 0 0
733.7575 0 0 0
733.95875 0 0 0
734.16 0 0 0
734.36125 0 0 0
734.5625 0 0 0
734.76375 0 0 0
734.965 0 0 0
735.16625 0 0 0
735.3675 0 0 0
735.56875 0 0 0
735.77 0 0 0
735.97125 0 0 0
736.1725 0 0 0
736.37375 0 0 0
736.575 0 0 0
736.77625 0 0 0
736.9775 0 0 0
737.17875 0 0 0
737.38 0 0 0
737.58125 0 0 0
737.7825 0 0 0
737.98375 0 0 0
738.185 0 0 0
738.38625 0 0 0
738.5875 0 0 0
738.78875 0 0 0
738.99 0 0 0
739.19125 0 0 0
739.3925 0 0 0
739.59375 0 0 0
739.795 0 0 0
739.99625 0 0 0
740.1975 0 0 0
740.39875 0 0 0
740.6 0 0 0
740.80125 1 1 0
741.0025 1 1 0
741.20375 1 1 0
741.405 1 1 0
741.60625 1 1 0
741.8075 1 1 0
742.00875 1 1 0
742.21 1 1 0
742.41125 1 1 0
742.6125 1 1 0
742.81375 1 1 0
743.015 1 1 0
743.21625 1 1 0
743.4175 1 1 0
743.61875 1 1 0
743.82 1 1 0
744.02125 1 1 0
744.2225 1 1 0
744.42375 1 1 0
744.625 1 1 0
744.82625 1 1 0
745.0275 1 1 0
745.22875 1 1 0
745.43 1 1 0
745.63125 1 1 0
745.8325 1 1 0
746.03375 1 1 0
746.235 1 1 0
746.43625 1 1 0
746.6375 1 1 0
746.83875 1 1 0
747.04 1 1 0
747.24125 1 1 0
747.4425 1 1 0
747.64375 1 1 0
747.845 1 1 0
748.04625 1 1 0
748.2475 1 1 0
748.44875 1 1 0
748.65 1 1 0
748.85125 1 1 0
749.0525 1 1 0
749.25375 1 1 0
749.455 1 1 0
749.65625 1 1 0
749.8575 1 1 0
750.05875 1 1 0
750.26 1 1 0
750.46125 1 1 0
750.6625 1 1 0
750.86375 1 1 0
751.065 1 1 0
751.26625 1 1 0
751.4675 1 1 0
751.66875 1 1 0
751.87 1 1 0
752.07125 1 1 0
752.2725 1 1 0
752.47375 1 1 0
752.675 1 1 0
752.87625 1 1 0
753.0775 1 1 0
753.27875 1 1 0
753.48 1 1 0
753.68125 1 1 0
753.8825 1 1 0
754.08375 1 1 0
754.285 1 1 0
754.48625 1 1 0
754.6875 1 1 0
754.88875 1 1 0
755.09 1 1 0
755.29125 1 1 0
755.4925 1 1 0
755.69375 1 1 0
755.895 1 1 0
756.09625 1 1 0
756.2975 1 1 0
756.49875 1 1 0
756.7 1 1 0
756.90125 1 1 0
757.1025 1 1 0
757.30375 1 1 0
757.505 1 1 0
757.70625 1 1 0
757.9075 1 1 0
758.10875 1 1 0
758.31 1 1 0
758.51125 1 1 0
758.7125 1 1 0
758.91375 1 1 0
759.115 1 1 0
759.31625 1 1 0
759.5175 1 1 0
759.71875 1 1 0
759.92 1 1 0
760.12125 1 1 0
760.3225 1 1 0
760.52375 1 1 0
760.725 1 1 0
760.92625 1 1 0
761.1275 1 1 0
761.32875 1 1 0
761.53 1 1 0
761.73125 1 1 0
761.9325 1 1 0
762.13375 1 1 0
762.335 1 1 0
762.53625 1 1 0
762.7375 1 1 0
762.93875 1 1 0
763.14 1 1 0
763.34125 1 1 0
763.5425 1 1 0
763.74375 1 1 0
763.945 1 1 0
764.14625 1 1 0
764.3475 1 1 0
764.54875 1 1 0
764.75 1 1 0
764.95125 1 1 0
765.1525 1 1 0
765.35375 1 1 0
765.555 1 1 0
765.75625 1 1 0
765.9575 1 1 0
766.15875 1 1 0
766.36 1 1 0
766.56125 1 1 0
766.7625 1 1 0
766.96375 1 1 0
767.165 1 1 0
767.36625 1 1 0
767.5675 1 1 0
767.76875 1 1 0
767.97 1 1 0
768.17125 1 1 0
768.3725 1 1 0
768.57375 1 1 0
768.775 1 1 0
768.97625 1 1 0
769.1775 1 1 0
769.37875 1 1 0
769.58 1 1 0
769.78125 1 1 0
769.9825 1 1 0
770.18375 1 1 0
770.385 1 1 0
770.58625 1 1 0
770.7875 1 1 0
770.98875 1 1 0
771.19 1 1 0
771.39125 1 1 0
771.5925 1 1 0
771.79375 1 1 0
771.995 1 1 0
772.19625 1 1 0
772.3975 1 1 0
772.59875 1 1 0
772.8 1 1 0
773.00125 1 1 0
773.2025 0 0 0
773.40375 0 0 0
773.605 0 0 0
773.80625 0 0 0
774.0075 0 0 0
774.20875 0 0 0
774.41 0 0 0
774.61125 0 0 0
774.8125 0 0 0
775.01375 0 0 0
775.215 0 0 0
775.41625 0 0 0
775.6175 0 0 0
775.81875 0 0 0
776.02 0 0 0
776.22125 0 0 0
776.4225 0 0 0
776.62375 0 0 0
776.825 0 0 0
777.02625 0 0 0
777.2275 0 0 0
777.42875 0 0 0
777.63 0 0 0
777.83125 0 0 0
778.0325 0 0 0
778.23375 0 0 0
778.435 0 0 0
778.63625 0 0 0
778.8375 0 0 0
779.03875 0 0 0
779.24 0 0 0
779.44125 0 0 0
779.6425 0 0 0
779.84375 0 0 0
780.045 0 0 0
780.24625 0 0 0
780.4475 0 0 0
780.64875 0 0 0
780.85 0 0 0
781.05125 0 0 0
781.2525 0 0 0
781.45375 0 0 0
781.655 0 0 0
781.85625 0 0 0
782.0575 0 0 0
782.25875 0 0 0
782.46 0 0 0
782.66125 0 0 0
782.8625 0 0 0
783.06375 0 0 0
783.265 0 0 0
783.46625 0 0 0
783.6675 0 0 0
783.86875 0 0 0
784.07 0 0 0
784.27125 0 0 0
784.4725 0 0 0
784.67375 0 0 0
784.875 0 0 0
785.07625 0 0 0
785.2775 0 0 0
785.47875 0 0 0
785.68 0 0 0
785.88125 0 0 0
786.0825 0 0 0
786.28375 0 0 0
786.485 0 0 0
786.68625 0 0 0
786.8875 0 0 0
787.08875 0 0 0
787.29 0 0 0
787.49125 0 0 0
787.6925 0 0 0
787.89375 0 0 0
788.095 0 0 0
788.29625 0 0 0
788.4975 0 0 0
788.69875 0 0 0
788.9 0 0 0
789.10125 0 0 0
789.3025 0 0 0
789.50375 0 0 0
789.705 0 0 0
789.90625 0 0 0
790.1075 0 0 0
790.30875 0 0 0
790.51 0 0 0
790.71125 0 0 0
790.9125 0 0 0
791.11375 0 0 0
791.315 0 0 0
791.51625 0 0 0
791.7175 0 0 0
791.91875 0 0 0
792.12 0 0 0
792.32125 0 0 0
792.5225 0 0 0
792.72375 0 0 0
792.925 0 0 0
793.12625 0 0 0
793.3275 0 0 0
793.52875 0 0 0
793.73 0 0 0
793.93125 0 0 0
794.1325 0 0 0
794.33375 0 0 0
794.535 0 0 0
794.73625 0 0 0
794.9375 0 0 0
795.13875 0 0 0
795.34 0 0 0
795.54125 0 0 0
795.7425 0 0 0
795.94375 0 0 0
796.145 0 0 0
796.34625 0 0 0
796.5475 0 0 0
796.74875 0 0 0
796.95 0 0 0
797.15125 0 0 0
797.3525 0 0 0
797.55375 0 0 0
797.755 0 0 0
797.95625 0 0 0
798.1575 0 0 0
798.35875 0 0 0
798.56 0 0 0
798.76125 0 0 0
798.9625 0 0 0
799.16375 0 0 0
799.365 0 0 0
799.56625 0 0 0
799.7675 0 0 0
799.96875 0 0 0
800.17 0 0 0
800.37125 0 0 0
800.5725 0 0 0
800.77375 0 0 0
800.975 0 0 0
801.17625 0 0 0
801.3775 0 0 0
801.57875 0 0 0
801.78 0 0 0
801.98125 0 0 0
802.1825 0 0 0
802.38375 0 0 0
802.585 0 0 0
802.78625 0 0 0
802.9875 0 0 0
803.18875 0 0 0
803.39 0 0 0
803.59125 0 0 0
803.7925 0 0 0
803.99375 0 0 0
804.195 0 0 0
804.39625 0 0 0
804.5975 0 0 0
804.79875 0 0 0
805 0 0 0
805.20125 1 1 1
805.4025 1 1 1
805.60375 1 1 1
805.805 1 1 1
806.00625 1 1 1
806.2075 1 1 1
806.40875 1 1 1
806.61 1 1 1
806.81125 1 1 1
807.0125 1 1 1
807.21375 1 1 1
807.415 1 1 1
807.61625 1 1 1
807.8175 1 1 1
808.01875 1 1 1
808.22 1 1 1
808.42125 1 1 1
808.6225 1 1 1
808.82375 1 1 1
809.025 1 1 1
809.22625 1 1 1
809.4275 1 1 1
809.62875 1 1 1
809.83 1 1 1
810.03125 1 1 1
810.2325 1 1 1
810.43375 1 1 1
810.635 1 1 1
810.83625 1 1 1
811.0375 1 1 1
811.23875 1 1 1
811.44 1 1 1
811.64125 1 1 1
811.8425 1 1 1
812.04375 1 1 1
812.245 1 1 1
812.44625 1 1 1
812.6475 1 1 1
812.84875 1 1 1
813.05 1 1 1
813.25125 1 1 1
813.4525 1 1 1
813.65375 1 1 1
813.855 1 1 1
814.05625 1 1 1
814.2575 1 1 1
814.45875 1 1 1
814.66 1 1 1
814.86125 1 1 1
815.0625 1 1 1
815.26375 1 1 1
815.465 1 1 1
815.66625 1 1 1
815.8675 1 1 1
816.06875 1 1 1
816.27 1 1 1
816.47125 1 1 1
816.6725 1 1 1
816.87375 1 1 1
817.075 1 1 1
817.27625 1 1 1
817.4775 1 1 1
817.67875 1 1 1
817.88 1 1 1
818.08125 1 1 1
818.2825 1 1 1
818.48375 1 1 1
818.685 1 1 1
818.88625 1 1 1
819.0875 1 1 1
819.28875 1 1 1
819.49 1 1 1
819.69125 1 1 1
819.8925 1 1 1
820.09375 1 1 1
820.295 1 1 1
820.49625 1 1 1
820.6975 1 1 1
820.89875 1 1 1
821.1 1 1 1
821.30125 1 1 1
821.5025 1 1 1
821.70375 1 1 1
821.905 1 1 1
822.10625 1 1 1
822.3075 1 1 1
822.50875 1 1 1
822.71 1 1 1
822.91125 1 1 1
823.1125 1 1 1
823.31375 1 1 1
823.515 1 1 1
823.71625 1 1 1
823.9175 1 1 1
824.11875 1 1 1
824.32 1 1 1
824.52125 1 1 1
824.7225 1 1 1
824.92375 1 1 1
825.125 1 1 1
825.32625 1 1 1
825.5275 1 1 1
825.72875 1 1 1
825.93 1 1 1
826.13125 1 1 1
826.3325 1 1 1
826.53375 1 1 1
826.735 1 1 1
826.93625 1 1 1
827.1375 1 1 1
827.33875 1 1 1
827.54 1 1 1
827.74125 1 1 1
827.9425 1 1 1
828.14375 1 1 1
828.345 1 1 1
828.54625 1 1 1
828.7475 1 1 1
828.94875 1 1 1
829.15 1 1 1
829.35125 1 1 1
829.5525 1 1 1
829.75375 1 1 1
829.955 1 1 1
830.15625 1 1 1
830.3575 1 1 1
830.55875 1 1 1
830.76 1 1 1
830.96125 1 1 1
831.1625 1 1 1
831.36375 1 1 1
831.565 1 1 1
831.76625 1 1 1
831.9675 1 1 1
832.16875 1 1 1
832.37 1 1 1
832.57125 1 1 1
832.7725 1 1 1
832.97375 1 1 1
833.175 1 1 1
833.37625 1 1 1
833.5775 1 1 1
833.77875 1 1 1
833.98 1 1 1
834.18125 1 1 1
834.3825 1 1 1
834.58375 1 1 1
834.785 1 1 1
834.98625 1 1 1
835.1875 1 1 1
835.38875 1 1 1
835.59 1 1 1
835.79125 1 1 1
835.9925 1 1 1
836.19375 1 1 1
836.395 1 1 1
836.59625 1 1 1
836.7975 1 1 1
836.99875 1 1 1
837.2 1 1 1
837.40125 2 1 1
837.6025 1 0 0
837.80375 1 0 0
838.005 1 0 0
838.20625 1 0 0
838.4075 1 0 0
838.60875 1 0 0
838.81 1 0 0
839.01125 1 0 0
839.2125 1 0 0
839.41375 1 0 0
839.615 1 0 0
839.81625 1 0 0
840.0175 1 0 0
840.21875 1 0 0
840.42 1 0 0
840.62125 1 0 0
840.8225 1 0 0
841.02375 1 0 0
841.225 1 0 0
841.42625 1 0 0
841.6275 1 0 0
841.82875 1 0 0
842.03 1 0 0
842.23125 1 0 0
842.4325 1 0 0
842.63375 1 0 0
842.835 1 0 0
843.03625 1 0 0
843.2375 1 0 0
843.43875 1 0 0
843.64 1 0 0
843.84125 1 0 0
844.0425 1 0 0
844.24375 1 0 0
844.445 1 0 0
844.64625 1 0 0
844.8475 1 0 0
845.04875 1 0 0
845.25 1 0 0
845.45125 1 0 0
845.6525 1 0 0
845.85375 1 0 0
846.055 1 0 0
846.25625 1 0 0
846.4575 1 0 0
846.65875 1 0 0
846.86 1 0 0
847.06125 1 0 0
847.2625 1 0 0
847.46375 1 0 0
847.665 1 0 0
847.86625 1 0 0
848.0675 1 0 0
848.26875 1 0 0
848.47 1 0 0
848.67125 1 0 0
848.8725 1 0 0
849.07375 1 0 0
849.275 1 0 0
849.47625 1 0 0
849.6775 1 0 0
849.87875 1 0 0
850.08 1 0 0
850.28125 1 0 0
850.4825 1 0 0
850.68375 1 0 0
850.885 1 0 0
851.08625 1 0 0
851.2875 1 0 0
851.48875 1 0 0
851.69 1 0 0
851.89125 1 0 0
852.0925 1 0 0
852.29375 1 0 0
852.495 1 0 0
852.69625 1 0 0
852.8975 1 0 0
853.09875 1 0 0
853.3 1 0 0
853.50125 1 0 0
853.7025 1 0 0
853.90375 1 0 0
854.105 1 0 0
854.30625 1 0 0
854.5075 1 0 0
854.70875 1 0 0
854.91 1 0 0
855.11125 1 0 0
855.3125 1 0 0
855.51375 1 0 0
855.715 1 0 0
855.91625 1 0 0
856.1175 1 0 0
856.31875 1 0 0
856.52 1 0 0
856.72125 1 0 0
856.9225 1 0 0
857.12375 1 0 0
857.325 1 0 0
857.52625 1 0 0
857.7275 1 0 0
857.92875 1 0 0
858.13 1 0 0
858.33125 1 0 0
858.5325 1 0 0
858.73375 1 0 0
858.935 1 0 0
859.13625 1 0 0
859.3375 1 0 0
859.53875 1 0 0
859.74 1 0 0
859.94125 1 0 0
860.1425 1 0 0
860.34375 1 0 0
860.545 1 0 0
860.74625 1 0 0
860.9475 1 0 0
861.14875 1 0 0
861.35 1 0 0
861.55125 1 0 0
861.7525 1 0 0
861.95375 1 0 0
862.155 1 0 0
862.35625 1 0 0
862.5575 1 0 0
862.75875 1 0 0
862.96 1 0 0
863.16125 1 0 0
863.3625 1 0 0
863.56375 1 0 0
863.765 1 0 0
863.96625 1 0 0
864.1675 1 0 0
864.36875 1 0 0
864.57 1 0 0
864.77125 1 0 0
864.9725 1 0 0
865.17375 1 0 0
865.375 1 0 0
865.57625 1 0 0
865.7775 1 0 0
865.97875 1 0 0
866.18 1 0 0
866.38125 1 0 0
866.5825 1 0 0
866.78375 1 0 0
866.985 1 0 0
867.18625 1 0 0
867.3875 1 0 0
867.58875 1 0 0
867.79 1 0 0
867.99125 1 0 0
868.1925 1 0 0
868.39375 1 0 0
868.595 1 0 0
868.79625 1 0 0
868.9975 1 0 0
869.19875 1 0 0
869.4 1 0 0
869.60125 1 0 0
869.8025 0 0 0
870.00375 0 0 0
870.205 0 0 0
870.40625 0 0 0
870.6075 0 0 0
870.80875 0 0 0
871.01 0 0 0
871.21125 0 0 0
871.4125 0 0 0
871.61375 0 0 0
871.815 0 0 0
872.01625 0 0 0
872.2175 0 0 0
872.41875 0 0 0
872.62 0 0 0
872.82125 0 0 0
873.0225 0 0 0
873.22375 0 0 0
873.425 0 0 0
873.62625 0 0 0
873.8275 0 0 0
874.02875 0 0 0
874.23 0 0 0
874.43125 0 0 0
874.6325 0 0 0
874.83375 0 0 0
875.035 0 0 0
875.23625 0 0 0
875.4375 0 0 0
875.63875 0 0 0
875.84 0 0 0
876.04125 0 0 0
876.2425 0 0 0
876.44375 0 0 0
876.645 0 0 0
876.84625 0 0 0
877.0475 0 0 0
877.24875 0 0 0
877.45 0 0 0
877.65125 0 0 0
877.8525 0 0 0
878.05375 0 0 0
878.255 0 0 0
878.45625 0 0 0
878.6575 0 0 0
878.85875 0 0 0
879.06 0 0 0
879.26125 0 0 0
879.4625 0 0 0
879.66375 0 0 0
879.865 0 0 0
880.06625 0 0 0
880.2675 0 0 0
880.46875 0 0 0
880.67 0 0 0
880.87125 0 0 0
881.0725 0 0 0
881.27375 0 0 0
881.475 0 0 0
881.67625 0 0 0
881.8775 0 0 0
882.07875 0 0 0
882.28 0 0 0
882.48125 0 0 0
882.6825 0 0 0
882.88375 0 0 0
883.085 0 0 0
883.28625 0 0 0
883.4875 0 0 0
883.68875 0 0 0
883.89 0 0 0
884.09125 0 0 0
884.2925 0 0 0
884.49375 0 0 0
884.695 0 0 0
884.89625 0 0 0
885.0975 0 0 0
885.29875 0 0 0
885.5 0 0 0
885.70125 0 0 0
885.9025 0 0 0
886.10375 0 0 0
886.305 0 0 0
886.50625 0 0 0
886.7075 0 0 0
886.90875 0 0 0
887.11 0 0 0
887.31125 0 0 0
887.5125 0 0 0
887.71375 0 0 0
887.915 0 0 0
888.11625 0 0 0
888.3175 0 0 0
888.51875 0 0 0
888.72 0 0 0
888.92125 0 0 0
889.1225 0 0 0
889.32375 0 0 0
889.525 0 0 0
889.72625 0 0 0
889.9275 0 0 0
890.12875 0 0 0
890.33 0 0 0
890.53125 0 0 0
890.7325 0 0 0
890.93375 0 0 0
891.135 0 0 0
891.33625 0 0 0
891.5375 0 0 0
891.73875 0 0 0
891.94 0 0 0
892.14125 0 0 0
892.3425 0 0 0
892.54375 0 0 0
892.745 0 0 0
892.94625 0 0 0
893.1475 0 0 0
893.34875 0 0 0
893.55 0 0 0
893.75125 0 0 0
893.9525 0 0 0
894.15375 0 0 0
894.355 0 0 0
894.55625 0 0 0
894.7575 0 0 0
894.95875 0 0 0
895.16 0 0 0
895.36125 0 0 0
895.5625 0 0 0
895.76375 0 0 0
895.965 0 0 0
896.16625 0 0 0
896.3675 0 0 0
896.56875 0 0 0
896.77 0 0 0
896.97125 0 0 0
897.1725 0 0 0
897.37375 0 0 0
897.575 0 0 0
897.77625 0 0 0
897.9775 0 0 0
898.17875 0 0 0
898.38 0 0 0
898.58125 0 0 0
898.7825 0 0 0
898.98375 0 0 0
899.185 0 0 0
899.38625 0 0 0
899.5875 0 0 0
899.78875 0 0 0
899.99 0 0 0
900.19125 0 0 0
900.3925 0 0 0
900.59375 0 0 0
900.795 0 0 0
900.99625 0 0 0
901.1975 0 0 0
901.39875 0 0 0
901.6 0 0 0
901.80125 1 1 0
902.0025 1 1 0
902.20375 1 1 0
902.405 1 1 0
902.60625 1 1 0
902.8075 1 1 0
903.00875 1 1 0
903.21 1 1 0
903.41125 1 1 0
903.6125 1 1 0
903.81375 1 1 0
904.015 1 1 0
904.21625 1 1 0
904.4175 1 1 0
904.61875 1 1 0
904.82 1 1 0
905.02125 1 1 0
905.2225 1 1 0
905.42375 1 1 0
905.625 1 1 0
905.82625 1 1 0
906.0275 1 1 0
906.22875 1 1 0
906.43 1 1 0
906.63125 1 1 0
906.8325 1 1 0
907.03375 1 1 0
907.235 1 1 0
907.43625 1 1 0
907.6375 1 1 0
907.83875 1 1 0
908.04 1 1 0
908.24125 1 1 0
908.4425 1 1 0
908.64375 1 1 0
908.845 1 1 0
909.04625 1 1 0
909.2475 1 1 0
909.44875 1 1 0
909.65 1 1 0
909.85125 1 1 0
910.0525 1 1 0
910.25375 1 1 0
910.455 1 1 0
910.65625 1 1 0
910.8575 1 1 0
911.05875 1 1 0
911.26 1 1 0
911.46125 1 1 0
911.6625 1 1 0
911.86375 1 1 0
912.065 1 1 0
912.26625 1 1 0
912.4675 1 1 0
912.66875 1 1 0
912.87 1 1 0
913.07125 1 1 0
913.2725 1 1 0
913.47375 1 1 0
913.675 1 1 0
913.87625 1 1 0
914.0775 1 1 0
914.27875 1 1 0
914.48 1 1 0
914.68125 1 1 0
914.8825 1 1 0
915.08375 1 1 0
915.285 1 1 0
915.48625 1 1 0
915.6875 1 1 0
915.88875 1 1 0
916.09 1 1 0
916.29125 1 1 0
916.4925 1 1 0
916.69375 1 1 0
916.895 1 1 0
917.09625 1 1 0
917.2975 1 1 0
917.49875 1 1 0
917.7 1 1 0
917.90125 1 1 0
918.1025 1 1 0
918.30375 1 1 0
918.505 1 1 0
918.70625 1 1 0
918.9075 1 1 0
919.10875 1 1 0
919.31 1 1 0
919.51125 1 1 0
919.7125 1 1 0
919.91375 1 1 0
920.115 1 1 0
920.31625 1 1 0
920.5175 1 1 0
920.71875 1 1 0
920.92 1 1 0
921.12125 1 1 0
921.3225 1 1 0
921.52375 1 1 0
921.725 1 1 0
921.92625 1 1 0
922.1275 1 1 0
922.32875 1 1 0
922.53 1 1 0
922.73125 1 1 0
922.9325 1 1 0
923.13375 1 1 0
923.335 1 1 0
923.53625 1 1 0
923.7375 1 1 0
923.93875 1 1 0
924.14 1 1 0
924.34125 1 1 0
924.5425 1 1 0
924.74375 1 1 0
924.945 1 1 0
925.14625 1 1 0
925.3475 1 1 0
925.54875 1 1 0
925.75 1 1 0
925.95125 1 1 0
926.1525 1 1 0
926.35375 1 1 0
926.555 1 1 0
926.75625 1 1 0
926.9575 1 1 0
927.15875 1 1 0
927.36 1 1 0
927.56125 1 1 0
927.7625 1 1 0
927.96375 1 1 0
928.165 1 1 0
928.36625 1 1 0
928.5675 1 1 0
928.76875 1 1 0
928.97 1 1 0
929.17125 1 1 0
929.3725 1 1 0
929.57375 1 1 0
929.775 1 1 0
929.97625 1 1 0
930.1775 1 1 0
930.37875 1 1 0
930.58 1 1 0
930.78125 1 1 0
930.9825 1 1 0
931.18375 1 1 0
931.385 1 1 0
931.58625 1 1 0
931.7875 1 1 0
931.98875 1 1 0
932.19 1 1 0
932.39125 1 1 0
932.5925 1 1 0
932.79375 1 1 0
932.995 1 1 0
933.19625 1 1 0
933.3975 1 1 0
933.59875 1 1 0
933.8 1 1 0
934.00125 1 1 0
934.2025 0 0 0
934.40375 0 0 0
934.605 0 0 0
934.80625 0 0 0
935.0075 0 0 0
935.20875 0 0 0
935.41 0 0 0
935.61125 0 0 0
935.8125 0 0 0
936.01375 0 0 0
936.215 0 0 0
936.41625 0 0 0
936.6175 0 0 0
936.81875 0 0 0
937.02 0 0 0
937.22125 0 0 0
937.4225 0 0 0
937.62375 0 0 0
937.825 0 0 0
938.02625 0 0 0
938.2275 0 0 0
938.42875 0 0 0
938.63 0 0 0
938.83125 0 0 0
939.0325 0 0 0
939.23375 0 0 0
939.435 0 0 0
939.63625 0 0 0
939.8375 0 0 0
940.03875 0 0 0
940.24 0 0 0
940.44125 0 0 0
940.6425 0 0 0
940.84375 0 0 0
941.045 0 0 0
941.24625 0 0 0
941.4475 0 0 0
941.64875 0 0 0
941.85 0 0 0
942.05125 0 0 0
942.2525 0 0 0
942.45375 0 0 0
942.655 0 0 0
942.85625 0 0 0
943.0575 0 0 0
943.25875 0 0 0
943.46 0 0 0
943.66125 0 0 0
943.8625 0 0 0
944.06375 0 0 0
944.265 0 0 0
944.46625 0 0 0
944.6675 0 0 0
944.86875 0 0 0
945.07 0 0 0
945.27125 0 0 0
945.4725 0 0 0
945.67375 0 0 0
945.875 0 0 0
946.07625 0 0 0
946.2775 0 0 0
946.47875 0 0 0
946.68 0 0 0
946.88125 0 0 0
947.0825 0 0 0
947.28375 0 0 0
947.485 0 0 0
947.68625 0 0 0
947.8875 0 0 0
948.08875 0 0 0
948.29 0 0 0
948.49125 0 0 0
948.6925 0 0 0
948.89375 0 0 0
949.095 0 0 0
949.29625 0 0 0
949.4975 0 0 0
949.69875 0 0 0
949.9 0 0 0
950.10125 0 0 0
950.3025 0 0 0
950.50375 0 0 0
950.705 0 0 0
950.90625 0 0 0
951.1075 0 0 0
951.30875 0 0 0
951.51 0 0 0
951.71125 0 0 0
951.9125 0 0 0
952.11375 0 0 0
952.315 0 0 0
952.51625 0 0 0
952.7175 0 0 0
952.91875 0 0 0
953.12 0 0 0
953.32125 0 0 0
953.5225 0 0 0
953.72375 0 0 0
953.925 0 0 0
954.12625 0 0 0
954.3275 0 0 0
954.52875 0 0 0
954.73 0 0 0
954.93125 0 0 0
955.1325 0 0 0
955.33375 0 0 0
955.535 0 0 0
955.73625 0 0 0
955.9375 0 0 0
956.13875 0 0 0
956.34 0 0 0
956.54125 0 0 0
956.7425 0 0 0
956.94375 0 0 0
957.145 0 0 0
957.34625 0 0 0
957.5475 0 0 0
957.74875 0 0 0
957.95 0 0 0
958.15125 0 0 0
958.3525 0 0 0
958.55375 0 0 0
958.755 0 0 0
958.95625 0 0 0
959.1575 0 0 0
959.35875 0 0 0
959.56 0 0 0
959.76125 0 0 0
959.9625 0 0 0
960.16375 0 0 0
960.365 0 0 0
960.56625 0 0 0
960.7675 0 0 0
960.96875 0 0 0
961.17 0 0 0
961.37125 0 0 0
961.5725 0 0 0
961.77375 0 0 0
961.975 0 0 0
962.17625 0 0 0
962.3775 0 0 0
962.57875 0 0 0
962.78 0 0 0
962.98125 0 0 0
963.1825 0 0 0
963.38375 0 0 0
963.585 0 0 0
963.78625 0 0 0
963.9875 0 0 0
964.18875 0 0 0
964.39 0 0 0
964.59125 0 0 0
964.7925 0 0 0
964.99375 0 0 0
965.195 0 0 0
965.39625 0 0 0
965.5975 0 0 0
965.79875 0 0 0
966 0 0 0
966.20125 1 1 1
966.4025 1 1 1
966.60375 1 1 1
966.805 1 1 1
967.00625 1 1 1
967.2075 1 1 1
967.40875 1 1 1
967.61 1 1 1
967.81125 1 1 1
968.0125 1 1 1
968.21375 1 1 1
968.415 1 1 1
968.61625 1 1 1
968.8175 1 1 1
969.01875 1 1 1
969.22 1 1 1
969.42125 1 1 1
969.6225 1 1 1
969.82375 1 1 1
970.025 1 1 1
970.22625 1 1 1
970.4275 1 1 1
970.62875 1 1 1
970.83 1 1 1
971.03125 1 1 1
971.2325 1 1 1
971.43375 1 1 1
971.635 1 1 1
971.83625 1 1 1
972.0375 1 1 1
972.23875 1 1 1
972.44 1 1 1
972.64125 1 1 1
972.8425 1 1 1
973.04375 1 1 1
973.245 1 1 1
973.44625 1 1 1
973.6475 1 1 1
973.84875 1 1 1
974.05 1 1 1
974.25125 1 1 1
974.4525 1 1 1
974.65375 1 1 1
974.855 1 1 1
975.05625 1 1 1
975.2575 1 1 1
975.45875 1 1 1
975.66 1 1 1
975.86125 1 1 1
976.0625 1 1 1
976.26375 1 1 1
976.465 1 1 1
976.66625 1 1 1
976.8675 1 1 1
977.06875 1 1 1
977.27 1 1 1
977.47125 1 1 1
977.6725 1 1 1
977.87375 1 1 1
978.075 1 1 1
978.27625 1 1 1
978.4775 1 1 1
978.67875 1 1 1
978.88 1 1 1
979.08125 1 1 1
979.2825 1 1 1
979.48375 1 1 1
979.685 1 1 1
979.88625 1 1 1
980.0875 1 1 1
980.28875 1 1 1
980.49 1 1 1
980.69125 1 1 1
980.8925 1 1 1
981.09375 1 1 1
981.295 1 1 1
981.49625 1 1 1
981.6975 1 1 1
981.89875 1 1 1
982.1 1 1 1
982.30125 1 1 1
982.5025 1 1 1
982.70375 1 1 1
982.905 1 1 1
983.10625 1 1 1
983.3075 1 1 1
983.50875 1 1 1
983.71 1 1 1
983.91125 1 1 1
984.1125 1 1 1
984.31375 1 1 1
984.515 1 1 1
984.71625 1 1 1
984.9175 1 1 1
985.11875 1 1 1
985.32 1 1 1
985.52125 1 1 1
985.7225 1 1 1
985.92375 1 1 1
986.125 1 1 1
986.32625 1 1 1
986.5275 1 1 1
986.72875 1 1 1
986.93 1 1 1
987.13125 1 1 1
987.3325 1 1 1
987.53375 1 1 1
987.735 1 1 1
987.93625 1 1 1
988.1375 1 1 1
988.33875 1 1 1
988.54 1 1 1
988.74125 1 1 1
988.9425 1 1 1
989.14375 1 1 1
989.345 1 1 1
989.54625 1 1 1
989.7475 1 1 1
989.94875 1 1 1
990.15 1 1 1
990.35125 1 1 1
990.5525 1 1 1
990.75375 1 1 1
990.955 1 1 1
991.15625 1 1 1
991.3575 1 1 1
991.55875 1 1 1
991.76 1 1 1
991.96125 1 1 1
992.1625 1 1 1
992.36375 1 1 1
992.565 1 1 1
992.76625 1 1 1
992.9675 1 1 1
993.16875 1 1 1
993.37 1 1 1
993.57125 1 1 1
993.7725 1 1 1
993.97375 1 1 1
994.175 1 1 1
994.37625 1 1 1
994.5775 1 1 1
994.77875 1 1 1
994.98 1 1 1
995.18125 1 1 1
995.3825 1 1 1
995.58375 1 1 1
995.785 1 1 1
995.98625 1 1 1
996.1875 1 1 1
996.38875 1 1 1
996.59 1 1 1
996.79125 1 1 1
996.9925 1 1 1
997.19375 1 1 1
997.395 1 1 1
997.59625 1 1 1
997.7975 1 1 1
997.99875 1 1 1
998.2 1 1 1
998.40125 1 1 1
998.6025 0 0 0
998.80375 0 0 0
999.005 0 0 0
999.20625 0 0 0
999.4075 0 0 0
999.60875 0 0 0
999.81 0 0 0
1000.01125 0 0 0
1000.2125 0 0 0
1000.41375 0 0 0
1000.615 0 0 0
1000.81625 0 0 0
1001.0175 0 0 0
1001.21875 0 0 0
1001.42 0 0 0
1001.62125 0 0 0
1001.8225 0 0 0
1002.02375 0 0 0
1002.225 0 0 0
1002.42625 0 0 0
1002.6275 0 0 0
1002.82875 0 0 0
1003.03 0 0 0
1003.23125 0 0 0
1003.4325 0 0 0
1003.63375 0 0 0
1003.835 0 0 0
1004.03625 0 0 0
1004.2375 0 0 0
1004.43875 0 0 0
1004.64 0 0 0
1004.84125 0 0 0
1005.0425 0 0 0
1005.24375 0 0 0
1005.445 0 0 0
1005.64625 0 0 0
1005.8475 0 0 0
1006.04875 0 0 0
1006.25 0 0 0
1006.45125 0 0 0
1006.6525 0 0 0
1006.85375 0 0 0
1007.055 0 0 0
1007.25625 0 0 0
1007.4575 0 0 0
1007.65875 0 0 0
1007.86 0 0 0
1008.06125 0 0 0
1008.2625 0 0 0
1008.46375 0 0 0
1008.665 0 0 0
1008.86625 0 0 0
1009.0675 0 0 0
1009.26875 0 0 0
1009.47 0 0 0
1009.67125 0 0 0
1009.8725 0 0 0
1010.07375 0 0 0
1010.275 0 0 0
1010.47625 0 0 0
1010.6775 0 0 0
1010.87875 0 0 0
1011.08 0 0 0
1011.28125 0 0 0
1011.4825 0 0 0
1011.68375 0 0 0
1011.885 0 0 0
1012.08625 0 0 0
1012.2875 0 0 0
1012.48875 0 0 0
1012.69 0 0 0
1012.89125 0 0 0
1013.0925 0 0 0
1013.29375 0 0 0
1013.495 0 0 0
1013.69625 0 0 0
1013.8975 0 0 0
1014.09875 0 0 0
1014.3 0 0 0
1014.50125 0 0 0
1014.7025 0 0 0
1014.90375 0 0 0
1015.105 0 0 0
1015.30625 0 0 0
1015.5075 0 0 0
1015.70875 0 0 0
1015.91 0 0 0
1016.11125 0 0 0
1016.3125 0 0 0
1016.51375 0 0 0
1016.715 0 0 0
1016.91625 0 0 0
1017.1175 0 0 0
1017.31875 0 0 0
1017.52 0 0 0
1017.72125 0 0 0
1017.9225 0 0 0
1018.12375 0 0 0
1018.325 0 0 0
1018.52625 0 0 0
1018.7275 0 0 0
1018.92875 0 0 0
1019.13 0 0 0
1019.33125 0 0 0
1019.5325 0 0 0
1019.73375 0 0 0
1019.935 0 0 0
1020.13625 0 0 0
1020.3375 0 0 0
1020.53875 0 0 0
1020.74 0 0 0
1020.94125 0 0 0
1021.1425 0 0 0
1021.34375 0 0 0
1021.545 0 0 0
1021.74625 0 0 0
1021.9475 0 0 0
1022.14875 0 0 0
1022.35 0 0 0
1022.55125 0 0 0
1022.7525 0 0 0
1022.95375 0 0 0
1023.155 0 0 0
1023.35625 0 0 0
1023.5575 0 0 0
1023.75875 0 0 0
1023.96 0 0 0
1024.16125 0 0 0
1024.3625 0 0 0
1024.56375 0 0 0
1024.765 0 0 0
1024.96625 0 0 0
1025.1675 0 0 0
1025.36875 0 0 0
1025.57 0 0 0
1025.77125 0 0 0
1025.9725 0 0 0
1026.17375 0 0 0
1026.375 0 0 0
1026.57625 0 0 0
1026.7775 0 0 0
1026.97875 0 0 0
1027.18 0 0 0
1027.38125 0 0 0
1027.5825 0 0 0
1027.78375 0 0 0
1027.985 0 0 0
1028.18625 0 0 0
1028.3875 0 0 0
1028.58875 0 0 0
1028.79 0 0 0
1028.99125 0 0 0
1029.1925 0 0 0
1029.39375 0 0 0
1029.595 0 0 0
1029.79625 0 0 0
1029.9975 0 0 0
1030.19875 0 0 0
1030.4 0 0 0
1030.60125 1 1 0
1030.8025 1 1 0
1031.00375 1 1 0
1031.205 1 1 0
1031.40625 1 1 0
1031.6075 1 1 0
1031.80875 1 1 0
1032.01 1 1 0
1032.21125 1 1 0
1032.4125 1 1 0
1032.61375 1 1 0
1032.815 1 1 0
1033.01625 1 1 0
1033.2175 1 1 0
1033.41875 1 1 0
1033.62 1 1 0
1033.82125 1 1 0
1034.0225 1 1 0
1034.22375 1 1 0
1034.425 1 1 0
1034.62625 1 1 0
1034.8275 1 1 0
1035.02875 1 1 0
1035.23 1 1 0
1035.43125 1 1 0
1035.6325 1 1 0
1035.83375 1 1 0
1036.035 1 1 0
1036.23625 1 1 0
1036.4375 1 1 0
1036.63875 1 1 0
1036.84 1 1 0
1037.04125 1 1 0
1037.2425 1 1 0
1037.44375 1 1 0
1037.645 1 1 0
1037.84625 1 1 0
1038.0475 1 1 0
1038.24875 1 1 0
1038.45 1 1 0
1038.65125 1 1 0
1038.8525 1 1 0
1039.05375 1 1 0
1039.255 1 1 0
1039.45625 1 1 0
1039.6575 1 1 0
1039.85875 1 1 0
1040.06 1 1 0
1040.26125 1 1 0
1040.4625 1 1 0
1040.66375 1 1 0
1040.865 1 1 0
1041.06625 1 1 0
1041.2675 1 1 0
1041.46875 1 1 0
1041.67 1 1 0
1041.87125 1 1 0
1042.0725 1 1 0
1042.27375 1 1 0
1042.475 1 1 0
1042.67625 1 1 0
1042.8775 1 1 0
1043.07875 1 1 0
1043.28 1 1 0
1043.48125 1 1 0
1043.6825 1 1 0
1043.88375 1 1 0
1044.085 1 1 0
1044.28625 1 1 0
1044.4875 1 1 0
1044.68875 1 1 0
1044.89 1 1 0
1045.09125 1 1 0
1045.2925 1 1 0
1045.49375 1 1 0
1045.695 1 1 0
1045.89625 1 1 0
1046.0975 1 1 0
1046.29875 1 1 0
1046.5 1 1 0
1046.70125 1 1 0
1046.9025 1 1 0
1047.10375 1 1 0
1047.305 1 1 0
1047.50625 1 1 0
1047.7075 1 1 0
1047.90875 1 1 0
1048.11 1 1 0
1048.31125 1 1 0
1048.5125 1 1 0
1048.71375 1 1 0
1048.915 1 1 0
1049.11625 1 1 0
1049.3175 1 1 0
1049.51875 1 1 0
1049.72 1 1 0
1049.92125 1 1 0
1050.1225 1 1 0
1050.32375 1 1 0
1050.525 1 1 0
1050.72625 1 1 0
1050.9275 1 1 0
1051.12875 1 1 0
1051.33 1 1 0
1051.53125 1 1 0
1051.7325 1 1 0
1051.93375 1 1 0
1052.135 1 1 0
1052.33625 1 1 0
1052.5375 1 1 0
1052.73875 1 1 0
1052.94 1 1 0
1053.14125 1 1 0
1053.3425 1 1 0
1053.54375 1 1 0
1053.745 1 1 0
1053.94625 1 1 0
1054.1475 1 1 0
1054.34875 1 1 0
1054.55 1 1 0
1054.75125 1 1 0
1054.9525 1 1 0
1055.15375 1 1 0
1055.355 1 1 0
1055.55625 1 1 0
1055.7575 1 1 0
1055.95875 1 1 0
1056.16 1 1 0
1056.36125 1 1 0
1056.5625 1 1 0
1056.76375 1 1 0
1056.965 1 1 0
1057.16625 1 1 0
1057.3675 1 1 0
1057.56875 1 1 0
1057.77 1 1 0
1057.97125 1 1 0
1058.1725 1 1 0
1058.37375 1 1 0
1058.575 1 1 0
1058.77625 1 1 0
1058.9775 1 1 0
1059.17875 1 1 0
1059.38 1 1 0
1059.58125 1 1 0
1059.7825 1 1 0
1059.98375 1 1 0
1060.185 1 1 0
1060.38625 1 1 0
1060.5875 1 1 0
1060.78875 1 1 0
1060.99 1 1 0
1061.19125 1 1 0
1061.3925 1 1 0
1061.59375 1 1 0
1061.795 1 1 0
1061.99625 1 1 0
1062.1975 1 1 0
1062.39875 1 1 0
1062.6 1 1 0
1062.80125 1 1 0
1063.0025 0 0 0
1063.20375 0 0 0
1063.405 0 0 0
1063.60625 0 0 0
1063.8075 0 0 0
1064.00875 0 0 0
1064.21 0 0 0
1064.41125 0 0 0
1064.6125 0 0 0
1064.81375 0 0 0
1065.015 0 0 0
1065.21625 0 0 0
1065.4175 0 0 0
1065.61875 0 0 0
1065.82 0 0 0
1066.02125 0 0 0
1066.2225 0 0 0
1066.42375 0 0 0
1066.625 0 0 0
1066.82625 0 0 0
1067.0275 0 0 0
1067.22875 0 0 0
1067.43 0 0 0
1067.63125 0 0 0
1067.8325 0 0 0
1068.03375 0 0 0
1068.235 0 0 0
1068.43625 0 0 0
1068.6375 0 0 0
1068.83875 0 0 0
1069.04 0 0 0
1069.24125 0 0 0
1069.4425 0 0 0
1069.64375 0 0 0
1069.845 0 0 0
1070.04625 0 0 0
1070.2475 0 0 0
1070.44875 0 0 0
1070.65 0 0 0
1070.85125 0 0 0
1071.0525 0 0 0
1071.25375 0 0 0
1071.455 0 0 0
1071.65625 0 0 0
1071.8575 0 0 0
1072.05875 0 0 0
1072.26 0 0 0
1072.46125 0 0 0
1072.6625 0 0 0
1072.86375 0 0 0
1073.065 0 0 0
1073.26625 0 0 0
1073.4675 0 0 0
1073.66875 0 0 0
1073.87 0 0 0
1074.07125 0 0 0
1074.2725 0 0 0
1074.47375 0 0 0
1074.675 0 0 0
1074.87625 0 0 0
1075.0775 0 0 0
1075.27875 0 0 0
1075.48 0 0 0
1075.68125 0 0 0
1075.8825 0 0 0
1076.08375 0 0 0
1076.285 0 0 0
1076.48625 0 0 0
1076.6875 0 0 0
1076.88875 0 0 0
1077.09 0 0 0
1077.29125 0 0 0
1077.4925 0 0 0
1077.69375 0 0 0
1077.895 0 0 0
1078.09625 0 0 0
1078.2975 0 0 0
1078.49875 0 0 0
1078.7 0 0 0
1078.90125 0 0 0
1079.1025 0 0 0
1079.30375 0 0 0
1079.505 0 0 0
1079.70625 0 0 0
1079.9075 0 0 0
1080.10875 0 0 0
1080.31 0 0 0
1080.51125 0 0 0
1080.7125 0 0 0
1080.91375 0 0 0
1081.115 0 0 0
1081.31625 0 0 0
1081.5175 0 0 0
1081.71875 0 0 0
1081.92 0 0 0
1082.12125 0 0 0
1082.3225 0 0 0
1082.52375 0 0 0
1082.725 0 0 0
1082.92625 0 0 0
1083.1275 0 0 0
1083.32875 0 0 0
1083.53 0 0 0
1083.73125 0 0 0
1083.9325 0 0 0
1084.13375 0 0 0
1084.335 0 0 0
1084.53625 0 0 0
1084.7375 0 0 0
1084.93875 0 0 0
1085.14 0 0 0
1085.34125 0 0 0
1085.5425 0 0 0
1085.74375 0 0 0
1085.945 0 0 0
1086.14625 0 0 0
1086.3475 0 0 0
1086.54875 0 0 0
1086.75 0 0 0
1086.95125 0 0 0
1087.1525 0 0 0
1087.35375 0 0 0
1087.555 0 0 0
1087.75625 0 0 0
1087.9575 0 0 0
1088.15875 0 0 0
1088.36 0 0 0
1088.56125 0 0 0
1088.7625 0 0 0
1088.96375 0 0 0
1089.165 0 0 0
1089.36625 0 0 0
1089.5675 0 0 0
1089.76875 0 0 0
1089.97 0 0 0
1090.17125 0 0 0
1090.3725 0 0 0
1090.57375 0 0 0
1090.775 0 0 0
1090.97625 0 0 0
1091.1775 0 0 0
1091.37875 0 0 0
1091.58 0 0 0
1091.78125 0 0 0
1091.9825 0 0 0
1092.18375 0 0 0
1092.385 0 0 0
1092.58625 0 0 0
1092.7875 0 0 0
1092.98875 0 0 0
1093.19 0 0 0
1093.39125 0 0 0
1093.5925 0 0 0
1093.79375 0 0 0
1093.995 0 0 0
1094.19625 0 0 0
1094.3975 0 0 0
1094.59875 0 0 0
1094.8 0 0 0
1095.00125 1 1 1
1095.2025 1 1 1
1095.40375 1 1 1
1095.605 1 1 1
1095.80625 1 1 1
1096.0075 1 1 1
1096.20875 1 1 1
1096.41 1 1 1
1096.61125 1 1 1
1096.8125 1 1 1
1097.01375 1 1 1
1097.215 1 1 1
1097.41625 1 1 1
1097.6175 1 1 1
1097.81875 1 1 1
1098.02 1 1 1
1098.22125 1 1 1
1098.4225 1 1 1
1098.62375 1 1 1
1098.825 1 1 1
1099.02625 1 1 1
1099.2275 1 1 1
1099.42875 1 1 1
1099.63 1 1 1
1099.83125 1 1 1
1100.0325 1 1 1
1100.23375 1 1 1
1100.435 1 1 1
1100.63625 1 1 1
1100.8375 1 1 1
1101.03875 1 1 1
1101.24 1 1 1
1101.44125 1 1 1
1101.6425 1 1 1
1101.84375 1 1 1
1102.045 1 1 1
1102.24625 1 1 1
1102.4475 1 1 1
1102.64875 1 1 1
1102.85 1 1 1
1103.05125 1 1 1
1103.2525 1 1 1
1103.45375 1 1 1
1103.655 1 1 1
1103.85625 1 1 1
1104.0575 1 1 1
1104.25875 1 1 1
1104.46 1 1 1
1104.66125 1 1 1
1104.8625 1 1 1
1105.06375 1 1 1
1105.265 1 1 1
1105.46625 1 1 1
1105.6675 1 1 1
1105.86875 1 1 1
1106.07 1 1 1
1106.27125 1 1 1
1106.4725 1 1 1
1106.67375 1 1 1
1106.875 1 1 1
1107.07625 1 1 1
1107.2775 1 1 1
1107.47875 1 1 1
1107.68 1 1 1
1107.88125 1 1 1
1108.0825 1 1 1
1108.28375 1 1 1
1108.485 1 1 1
1108.68625 1 1 1
1108.8875 1 1 1
1109.08875 1 1 1
1109.29 1 1 1
1109.49125 1 1 1
1109.6925 1 1 1
1109.89375 1 1 1
1110.095 1 1 1
1110.29625 1 1 1
1110.4975 1 1 1
1110.69875 1 1 1
1110.9 1 1 1
1111.10125 1 1 1
1111.3025 1 1 1
1111.50375 1 1 1
1111.705 1 1 1
1111.90625 1 1 1
1112.1075 1 1 1
1112.30875 1 1 1
1112.51 1 1 1
1112.71125 1 1 1
1112.9125 1 1 1
1113.11375 1 1 1
1113.315 1 1 1
1113.51625 1 1 1
1113.7175 1 1 1
1113.91875 1 1 1
1114.12 1 1 1
1114.32125 1 1 1
1114.5225 1 1 1
1114.72375 1 1 1
1114.925 1 1 1
1115.12625 1 1 1
1115.3275 1 1 1
1115.52875 1 1 1
1115.73 1 1 1
1115.93125 1 1 1
1116.1325 1 1 1
1116.33375 1 1 1
1116.535 1 1 1
1116.73625 1 1 1
1116.9375 1 1 1
1117.13875 1 1 1
1117.34 1 1 1
1117.54125 1 1 1
1117.7425 1 1 1
1117.94375 1 1 1
1118.145 1 1 1
1118.34625 1 1 1
1118.5475 1 1 1
1118.74875 1 1 1
1118.95 1 1 1
1119.15125 1 1 1
1119.3525 1 1 1
1119.55375 1 1 1
1119.755 1 1 1
1119.95625 1 1 1
1120.1575 1 1 1
1120.35875 1 1 1
1120.56 1 1 1
1120.76125 1 1 1
1120.9625 1 1 1
1121.16375 1 1 1
1121.365 1 1 1
1121.56625 1 1 1
1121.7675 1 1 1
1121.96875 1 1 1
1122.17 1 1 1
1122.37125 1 1 1
1122.5725 1 1 1
1122.77375 1 1 1
1122.975 1 1 1
1123.17625 1 1 1
1123.3775 1 1 1
1123.57875 1 1 1
1123.78 1 1 1
1123.98125 1 1 1
1124.1825 1 1 1
1124.38375 1 1 1
1124.585 1 1 1
1124.78625 1 1 1
1124.9875 1 1 1
1125.18875 1 1 1
1125.39 1 1 1
1125.59125 1 1 1
1125.7925 1 1 1
1125.99375 1 1 1
1126.195 1 1 1
1126.39625 1 1 1
1126.5975 1 1 1
1126.79875 1 1 1
1127 1 1 1
1127.20125 2 1 1
1127.4025 1 0 0
1127.60375 1 0 0
1127.805 1 0 0
1128.00625 1 0 0
1128.2075 1 0 0
1128.40875 1 0 0
1128.61 1 0 0
1128.81125 1 0 0
1129.0125 1 0 0
1129.21375 1 0 0
1129.415 1 0 0
1129.61625 1 0 0
1129.8175 1 0 0
1130.01875 1 0 0
1130.22 1 0 0
1130.42125 1 0 0
1130.6225 1 0 0
1130.82375 1 0 0
1131.025 1 0 0
1131.22625 1 0 0
1131.4275 1 0 0
1131.62875 1 0 0
1131.83 1 0 0
1132.03125 1 0 0
1132.2325 1 0 0
1132.43375 1 0 0
1132.635 1 0 0
1132.83625 1 0 0
1133.0375 1 0 0
1133.23875 1 0 0
1133.44 1 0 0
1133.64125 1 0 0
1133.8425 1 0 0
1134.04375 1 0 0
1134.245 1 0 0
1134.44625 1 0 0
1134.6475 1 0 0
1134.84875 1 0 0
1135.05 1 0 0
1135.25125 1 0 0
1135.4525 1 0 0
1135.65375 1 0 0
1135.855 1 0 0
1136.05625 1 0 0
1136.2575 1 0 0
1136.45875 1 0 0
1136.66 1 0 0
1136.86125 1 0 0
1137.0625 1 0 0
1137.26375 1 0 0
1137.465 1 0 0
1137.66625 1 0 0
1137.8675 1 0 0
1138.06875 1 0 0
1138.27 1 0 0
1138.47125 1 0 0
1138.6725 1 0 0
1138.87375 1 0 0
1139.075 1 0 0
1139.27625 1 0 0
1139.4775 1 0 0
1139.67875 1 0 0
1139.88 1 0 0
1140.08125 1 0 0
1140.2825 1 0 0
1140.48375 1 0 0
1140.685 1 0 0
1140.88625 1 0 0
1141.0875 1 0 0
1141.28875 1 0 0
1141.49 1 0 0
1141.69125 1 0 0
1141.8925 1 0 0
1142.09375 1 0 0
1142.295 1 0 0
1142.49625 1 0 0
1142.6975 1 0 0
1142.89875 1 0 0
1143.1 1 0 0
1143.30125 1 0 0
1143.5025 1 0 0
1143.70375 1 0 0
1143.905 1 0 0
1144.10625 1 0 0
1144.3075 1 0 0
1144.50875 1 0 0
1144.71 1 0 0
1144.91125 1 0 0
1145.1125 1 0 0
1145.31375 1 0 0
1145.515 1 0 0
1145.71625 1 0 0
1145.9175 1 0 0
1146.11875 1 0 0
1146.32 1 0 0
1146.52125 1 0 0
1146.7225 1 0 0
1146.92375 1 0 0
1147.125 1 0 0
1147.32625 1 0 0
1147.5275 1 0 0
1147.72875 1 0 0
1147.93 1 0 0
1148.13125 1 0 0
1148.3325 1 0 0
1148.53375 1 0 0
1148.735 1 0 0
1148.93625 1 0 0
1149.1375 1 0 0
1149.33875 1 0 0
1149.54 1 0 0
1149.74125 1 0 0
1149.9425 1 0 0
1150.14375 1 0 0
1150.345 1 0 0
1150.54625 1 0 0
1150.7475 1 0 0
1150.94875 1 0 0
1151.15 1 0 0
1151.35125 1 0 0
1151.5525 1 0 0
1151.75375 1 0 0
1151.955 1 0 0
1152.15625 1 0 0
1152.3575 1 0 0
1152.55875 1 0 0
1152.76 1 0 0
1152.96125 1 0 0
1153.1625 1 0 0
1153.36375 1 0 0
1153.565 1 0 0
1153.76625 1 0 0
1153.9675 1 0 0
1154.16875 1 0 0
1154.37 1 0 0
1154.57125 1 0 0
1154.7725 1 0 0
1154.97375 1 0 0
1155.175 1 0 0
1155.37625 1 0 0
1155.5775 1 0 0
1155.77875 1 0 0
1155.98 1 0 0
1156.18125 1 0 0
1156.3825 1 0 0
1156.58375 1 0 0
1156.785 1 0 0
1156.98625 1 0 0
1157.1875 1 0 0
1157.38875 1 0 0
1157.59 1 0 0
1157.79125 1 0 0
1157.9925 1 0 0
1158.19375 1 0 0
1158.395 1 0 0
1158.59625 1 0 0
1158.7975 1 0 0
1158.99875 1 0 0
1159.2 1 0 0
