-1.348651265 -0.3531949706 -0.2406430054
1.046548033 0.001128729703 0.02482713958
0.1068889586 -0.09201425898 -0.2617208759
1.093407361 0.005213184454 0.03512856971
0.1664229233 -0.02044547454 -0.01001000628
1.217521255 0.004291380074 0.02288876199
0.07646349095 -0.1284527691 -0.3900892122
1.844119544 0.03829374466 0.09450049511
-0.6005576022 1.429582948 0.8578120998
0.1628954453 -0.02022071028 -0.00988192603
0.1195077852 -0.07606400105 -0.206355084
0.8720791143 0.01372982963 0.05170653583
0.1658034854 -0.02031542658 -0.009923585191
1.228190175 0.004127637636 -0.01926960725
-0.07408453098 -0.3085480287 -1.026932289
2.567381295 0.172791256 0.380063868
0.3851792571 1.511003133 0.9214008396
-0.6785748873 0.03320444667 0.2683908407
0.4772771178 0.3564939473 1.321254033
